Epoch	AverageEpRet	StdEpRet	MaxEpRet	MinEpRet	AverageTestEpRet	StdTestEpRet	MaxTestEpRet	MinTestEpRet	EpLen	TestEpLen	TotalEnvInteracts	AverageQ1Vals	StdQ1Vals	MaxQ1Vals	MinQ1Vals	AverageQ2Vals	StdQ2Vals	MaxQ2Vals	MinQ2Vals	LossPi	LossQ	Time
1	-174923.14	27058.098	-128775.3	-222256.62	-219937.45	18670.963	-185592.22	-246387.08	180.0	180.0	4999	-1638.5233	647.1971	413.187	-6142.028	-1637.7765	647.2795	55.67175	-5944.506	756.25134	108232.125	22.004230260849
2	-174619.03	27009.293	-129043.21	-217197.73	-193516.55	26219.668	-159859.66	-247231.2	180.0	180.0	9999	-1182.5609	693.52985	1025.2727	-6150.29	-1182.5397	693.478	1066.2572	-5967.0625	121.01026	34391.188	49.32218027114868
3	-184649.0	25813.154	-130638.91	-222162.19	-208414.88	24533.797	-174188.72	-244535.17	180.0	180.0	14999	-803.4779	589.43744	2026.0509	-5060.666	-803.49097	589.2778	2075.7188	-5060.26	-230.65758	28713.344	77.36602306365967
4	-166977.77	24332.693	-131733.53	-217799.61	-193051.78	25125.77	-159358.39	-246428.2	180.0	180.0	19999	-644.3943	623.90497	2485.077	-4348.0864	-644.39575	623.8371	2548.4497	-4305.329	-375.9881	25549.77	105.66454100608826
5	-175848.08	26878.268	-127466.9	-223500.44	-209946.9	30201.52	-162085.53	-245946.2	180.0	180.0	24999	-584.5485	679.4721	2654.8743	-4195.839	-584.54474	679.40485	2759.0977	-4098.3135	-427.08685	24166.867	136.8119502067566
6	-175445.17	25694.938	-127543.42	-217912.42	-205572.67	21759.13	-169168.4	-231075.73	180.0	180.0	29999	-597.49927	730.4302	2826.1296	-4520.068	-597.5116	730.365	2882.5	-4400.2773	-415.4075	24230.02	167.26250910758972
7	-188153.95	25552.81	-135482.92	-230417.33	-211865.2	25843.594	-162840.08	-246409.45	180.0	180.0	34999	-635.3371	772.7558	2821.556	-4829.757	-635.35486	772.69	2934.0757	-4687.063	-383.44296	25233.898	197.47979307174683
8	-173857.64	27187.32	-128837.3	-225668.0	-202752.8	17794.098	-170790.67	-233722.66	180.0	180.0	39999	-656.4808	800.2678	2954.8943	-5103.321	-656.48694	800.1935	2955.7136	-5015.029	-365.84183	26360.23	230.28949093818665
9	-177732.97	29054.09	-137108.39	-222430.02	-189214.97	19034.969	-160896.42	-219666.73	180.0	180.0	44999	-662.0034	829.1683	3155.1333	-5373.461	-662.0219	829.0775	3127.114	-5258.4717	-362.31146	27021.047	268.28410816192627
10	-179614.39	25282.885	-133798.69	-222699.81	-192501.45	24942.727	-161203.75	-242137.86	180.0	180.0	49999	-690.441	846.80743	3183.0642	-5538.993	-690.46234	846.72406	3169.4956	-5456.394	-331.08942	26908.73	299.772253036499
11	-177916.83	28125.807	-126082.72	-225567.12	-206973.2	31573.414	-162472.39	-249015.88	180.0	180.0	54999	-747.1347	850.03217	3181.659	-5593.3203	-747.1518	849.96313	3138.4868	-5559.163	-275.5464	27756.748	332.0121879577637
12	-172889.33	23846.068	-128933.055	-226723.64	-202058.08	22828.244	-166662.69	-242561.22	180.0	180.0	59999	-801.2762	850.72516	3158.5254	-5742.4307	-801.2935	850.6521	3109.2146	-5647.7607	-221.00035	27876.096	364.3480279445648
13	-174547.28	23896.635	-139023.52	-223691.06	-207474.11	27363.295	-168352.34	-241315.9	180.0	180.0	64999	-840.3276	860.09827	3148.7441	-5807.0796	-840.3634	860.017	3093.5852	-5734.0767	-179.92378	28213.072	396.51868319511414
14	-178915.72	27997.822	-130370.28	-226429.94	-201063.05	21769.846	-165100.8	-231839.16	180.0	180.0	69999	-884.17413	869.84436	3136.5955	-5820.9756	-884.1935	869.7673	3080.6191	-5677.0835	-137.7472	28694.47	428.36429500579834
15	-179986.1	23306.486	-134555.22	-221845.14	-214412.08	19685.059	-179360.27	-235829.52	180.0	180.0	74999	-920.67535	874.6832	3058.6028	-5970.5356	-920.6683	874.653	3004.796	-5931.8135	-100.8532	28966.697	459.73748207092285
16	-184956.39	29945.62	-138488.98	-222561.12	-209483.47	31136.17	-160340.66	-247689.95	180.0	180.0	79999	-962.42706	880.4012	3014.949	-5997.275	-962.4195	880.37213	2965.945	-5936.747	-60.121777	29421.965	491.0680651664734
17	-179159.72	27943.375	-139646.8	-221028.39	-200778.88	18667.857	-174811.66	-226638.27	180.0	180.0	84999	-1019.21814	877.2603	2942.1526	-5995.341	-1019.2128	877.23334	2863.9602	-5969.7734	-4.8540416	30105.193	522.8479480743408
18	-183038.17	24176.96	-131611.27	-223180.17	-203955.4	18784.25	-164438.9	-229195.45	180.0	180.0	89999	-1086.1632	875.102	2893.2295	-5911.1606	-1086.1619	875.08875	2807.417	-5842.109	61.91092	30367.238	555.2718920707703
19	-170109.3	26729.824	-129314.66	-221463.89	-198072.5	32958.5	-161004.84	-246303.16	180.0	180.0	94999	-1160.1672	879.2851	2709.36	-5642.824	-1160.171	879.26886	2667.3362	-5654.4595	136.93887	30046.611	587.9107401371002
20	-173557.45	26738.5	-138272.03	-222503.5	-203874.12	28495.291	-160470.58	-235774.55	180.0	180.0	99999	-1234.0637	904.4392	2697.0713	-5409.81	-1234.0554	904.4377	2729.755	-5416.418	211.96913	29926.941	620.3273138999939
21	-120002.76	21940.967	-92806.266	-174008.0	-209674.98	25268.178	-163716.64	-246236.48	180.0	180.0	104999	-2382.5813	1589.8405	2703.4392	-13168.187	-2382.509	1589.9373	2746.6208	-13182.744	1628.708	62644.582	654.8622782230377
22	-113931.67	16141.826	-91110.01	-151784.78	-199143.66	18753.025	-171170.97	-229516.44	180.0	180.0	109999	-8479.464	3319.7014	1381.7183	-28753.61	-8479.207	3320.4766	1317.2922	-28727.332	7967.955	241928.3	688.9348931312561
23	-108737.36	14118.858	-86154.516	-136959.16	-205510.02	27132.582	-162380.36	-238999.05	180.0	180.0	114999	-15836.92	3828.7356	-3413.3455	-34296.88	-15837.079	3828.4385	-3351.1887	-34082.965	15364.381	274660.34	723.2993919849396
24	-115000.164	7644.8994	-92159.27	-128973.19	-186492.84	20403.91	-165396.7	-237674.3	180.0	180.0	119999	-22033.178	3509.8445	-9729.635	-34495.727	-22033.176	3509.4084	-9757.354	-34892.76	21497.973	240830.34	757.5047571659088
25	-115650.62	11201.778	-93995.66	-139819.56	-213150.5	28273.904	-160252.4	-243603.88	180.0	180.0	124999	-28650.42	3187.3337	-14145.038	-43288.2	-28650.602	3186.2651	-13506.034	-42987.324	28231.393	301271.5	791.4861702919006
26	-114246.9	10745.722	-93403.68	-145155.34	-196307.58	23123.418	-165789.31	-226432.98	180.0	180.0	129999	-34512.527	3090.0293	-19331.025	-50807.242	-34512.625	3089.8452	-19759.309	-50685.367	34132.41	334094.78	825.9582250118256
27	-115199.625	11210.065	-92906.41	-136369.28	-211597.33	21885.092	-187244.56	-247148.12	180.0	180.0	134999	-39476.246	3340.448	-25413.291	-60767.723	-39476.336	3340.1868	-25734.852	-59741.5	39115.52	337260.5	860.2581181526184
28	-111055.95	12535.955	-93763.266	-134650.02	-197127.83	26823.129	-165694.97	-237509.06	180.0	180.0	139999	-43727.816	3830.8242	-31124.992	-65705.55	-43727.86	3830.9731	-30187.812	-65359.43	43342.715	381939.72	894.870954990387
29	-105607.67	11694.9	-88347.914	-127336.69	-206833.47	22590.154	-168562.22	-235427.5	180.0	180.0	144999	-47239.9	4298.5376	-35249.7	-69560.25	-47239.867	4298.9863	-35271.57	-69864.38	46868.37	424491.25	929.468631029129
30	-108176.67	11306.697	-91285.29	-134863.22	-212219.7	22370.67	-169715.14	-244812.73	180.0	180.0	149999	-50236.71	4674.9033	-40570.785	-74029.42	-50236.824	4675.805	-40027.543	-74723.65	49884.21	446370.5	964.5873222351074
31	-105889.11	8775.843	-89782.62	-120623.87	-195925.16	26817.814	-162874.81	-236654.72	180.0	180.0	154999	-52802.316	4932.4497	-44209.266	-78111.375	-52802.473	4932.747	-44141.418	-78362.53	52469.0	482477.22	997.907301902771
32	-107227.89	7986.9873	-93287.78	-124166.93	-214244.67	22584.635	-167877.7	-248265.72	180.0	180.0	159999	-55102.867	5119.4263	-46893.74	-81231.984	-55103.07	5120.6626	-46785.453	-80929.984	54770.254	498000.5	1032.6902160644531
33	-103173.04	11167.742	-81054.164	-118713.37	-199290.3	20664.137	-172560.28	-239578.4	180.0	180.0	164999	-57114.676	5235.7393	-48256.21	-82186.07	-57114.8	5237.5107	-47931.4	-82240.664	56797.125	506007.8	1066.9454982280731
34	-105605.77	9295.276	-79377.05	-125027.91	-198198.78	24470.113	-167550.84	-242218.55	180.0	180.0	169999	-58780.28	5238.418	-48875.695	-82110.31	-58780.285	5240.168	-48452.04	-82538.54	58471.297	512648.72	1102.3429398536682
35	-103613.46	11428.786	-78441.85	-120478.46	-184646.84	25629.895	-143112.66	-222844.42	180.0	180.0	174999	-60107.508	5063.89	-49554.297	-80517.98	-60107.64	5065.009	-49216.957	-81527.086	59809.305	512127.66	1136.4801001548767
36	-103006.984	10787.271	-81455.95	-129653.09	-200283.1	26296.191	-161749.78	-244034.47	180.0	180.0	179999	-61265.582	5045.3047	-50225.094	-80602.055	-61265.72	5046.0273	-50243.91	-80729.93	60978.527	504749.8	1170.4707601070404
37	-104924.64	11572.411	-89497.61	-138776.22	-203310.92	16406.217	-180335.61	-234113.48	180.0	180.0	184999	-62205.008	5070.948	-50774.504	-80590.125	-62205.164	5071.1787	-50791.785	-80302.03	61918.293	504342.03	1204.443195104599
38	-98247.02	8694.418	-81425.97	-115240.12	-213951.05	16995.674	-179460.08	-237195.89	180.0	180.0	189999	-62929.09	5045.467	-51258.95	-79673.64	-62929.254	5045.396	-51192.387	-80250.96	62641.09	489945.1	1239.5364549160004
39	-99473.71	10634.977	-80560.55	-120211.69	-168555.83	14756.362	-146633.64	-191750.75	180.0	180.0	194999	-63220.38	5263.7617	-50557.637	-79584.09	-63220.44	5263.171	-50534.477	-80439.445	62876.76	470156.97	1274.5922229290009
40	-99045.08	9056.24	-79153.55	-121233.96	-184525.61	23540.297	-144290.73	-212109.33	180.0	180.0	199999	-63279.715	5493.7925	-50492.24	-80426.195	-63279.96	5492.8022	-50492.113	-80781.11	62941.383	483630.9	1309.806981086731
41	-100273.22	6789.8853	-90646.945	-121729.16	-192848.12	25655.182	-131745.72	-218883.75	180.0	180.0	204999	-63480.09	5439.6714	-50757.215	-80357.21	-63480.16	5439.4946	-50848.758	-80329.305	63139.277	489689.12	1344.8600430488586
42	-99468.05	6741.074	-87309.58	-111059.26	-185713.28	31500.115	-136144.6	-222039.9	180.0	180.0	209999	-63695.723	5275.597	-51684.08	-80904.15	-63695.934	5275.142	-51560.42	-80531.77	63359.04	490810.88	1379.944342136383
43	-98335.914	7198.1724	-83006.266	-111108.68	-189518.42	31094.846	-129650.29	-227547.45	180.0	180.0	214999	-63866.33	5083.458	-52628.457	-80606.266	-63866.4	5083.3154	-52406.492	-80914.414	63544.82	490603.53	1415.1625640392303
44	-99377.5	8918.497	-79460.1	-114368.51	-177429.92	26537.887	-143342.03	-205109.73	180.0	180.0	219999	-63967.547	4921.88	-53086.223	-80343.77	-63967.56	4921.759	-53093.348	-81397.77	63655.27	472894.3	1450.5557539463043
45	-96627.414	6252.9604	-82561.84	-106762.31	-180104.72	21647.908	-139678.62	-212955.66	180.0	180.0	224999	-64040.16	4816.2583	-53878.223	-80754.73	-64040.21	4815.798	-53744.246	-81202.78	63727.81	470304.88	1485.823049068451
46	-96277.87	8056.596	-80154.62	-112890.64	-183170.14	23550.504	-126491.8	-213946.39	180.0	180.0	229999	-64059.21	4733.875	-54192.17	-79875.46	-64059.266	4733.248	-54012.305	-80685.45	63759.41	466097.66	1520.870992898941
47	-96613.14	8145.2163	-79815.49	-114287.61	-177953.5	23397.38	-141676.44	-211633.19	180.0	180.0	234999	-64052.926	4651.5654	-54619.137	-79512.47	-64052.945	4650.9336	-54360.63	-80332.88	63755.79	465160.0	1555.0695459842682
48	-94036.24	7234.1035	-79649.11	-107644.39	-165535.31	28065.232	-126821.2	-208045.66	180.0	180.0	239999	-63994.246	4550.4185	-55125.62	-78135.42	-63994.332	4549.8765	-54649.49	-79434.85	63706.926	448073.22	1589.357521057129
49	-95768.375	7158.3164	-80113.82	-110332.125	-169468.89	26243.973	-136353.23	-211315.4	180.0	180.0	244999	-63978.375	4401.8086	-55647.566	-78239.914	-63978.418	4401.4644	-55381.305	-78385.49	63691.81	447905.94	1623.7989029884338
50	-95746.74	6138.263	-81132.88	-105850.195	-197481.48	22452.969	-141415.6	-218004.16	180.0	180.0	249999	-63956.62	4250.0117	-56244.496	-77338.766	-63956.65	4249.764	-55975.87	-77360.8	63680.05	438859.88	1659.1418628692627
51	-95335.63	8769.416	-78019.53	-109033.164	-157032.3	27462.713	-128091.016	-209541.6	180.0	180.0	254999	-63905.88	4143.315	-56737.6	-76653.15	-63905.95	4142.7983	-56631.67	-76923.266	63633.785	433219.2	1694.6073112487793
52	-103574.9	11548.013	-81177.73	-140155.02	-212572.03	26979.45	-160971.52	-246434.45	180.0	180.0	259999	-63239.29	4033.4568	-49107.24	-79233.81	-63239.37	4031.6433	-49165.4	-80218.15	62773.004	421920.34	1730.223866224289
53	-111938.44	6196.1606	-94629.97	-122157.62	-193315.48	24217.285	-159697.66	-228401.03	180.0	180.0	264999	-61634.406	3801.787	-47361.96	-80837.57	-61634.68	3799.7642	-47357.754	-80414.055	61207.277	391641.34	1764.965005159378
54	-112350.76	3918.48	-101732.97	-118725.16	-202787.86	21650.521	-166347.39	-242998.11	180.0	180.0	269999	-61199.543	3531.7666	-49367.332	-82483.7	-61199.586	3532.0876	-49299.08	-82394.47	60863.566	394452.25	1799.9046132564545
55	-105599.76	9334.516	-83230.47	-119301.4	-206890.66	32599.305	-159607.27	-247646.48	180.0	180.0	274999	-61378.594	3249.2227	-53094.14	-81884.68	-61378.67	3248.84	-52710.28	-82118.09	61045.902	397267.9	1835.4680421352386
56	-101592.8	6084.433	-87767.09	-114278.69	-205388.02	25045.777	-162464.25	-239936.08	180.0	180.0	279999	-60744.8	3403.152	-53373.613	-76656.82	-60744.88	3402.6633	-53116.914	-77053.63	60325.76	339336.8	1870.6491560935974
57	-100145.56	6228.6143	-87721.3	-118206.12	-188129.17	22234.578	-159378.25	-228598.38	180.0	180.0	284999	-60005.43	3764.1948	-50790.688	-73318.44	-60005.496	3764.3533	-50460.15	-73321.48	59593.664	324501.6	1904.8723621368408
58	-98722.06	7433.214	-82687.664	-116107.97	-206145.08	24590.322	-169681.6	-245258.31	180.0	180.0	289999	-59511.28	3943.7659	-50832.992	-72420.8	-59511.336	3943.4546	-50307.14	-73250.62	59119.77	319317.75	1939.975055217743
59	-97264.75	4912.2383	-87045.44	-106253.99	-193155.02	24920.756	-162117.61	-238777.12	180.0	180.0	294999	-59285.793	4052.7478	-50885.254	-72942.195	-59285.86	4052.6262	-50553.668	-72676.45	58918.117	326755.03	1975.3724291324615
60	-95199.7	6866.923	-81030.766	-111636.77	-212263.3	23271.854	-168685.67	-247144.55	180.0	180.0	299999	-59125.06	4171.156	-50892.516	-73411.71	-59125.152	4170.974	-50916.54	-73006.5	58757.867	325096.97	2011.2839770317078
61	-93699.55	8104.431	-73072.68	-109175.61	-207230.47	21294.193	-169827.16	-230531.25	180.0	180.0	304999	-58859.71	4301.733	-48905.66	-74933.17	-58859.76	4301.514	-48065.82	-74077.95	58494.293	322523.16	2046.9605712890625
62	-113462.305	24198.287	-77790.484	-176205.08	-186977.42	25327.473	-148190.34	-221862.66	180.0	180.0	309999	-57452.6	3752.1782	-43141.164	-74552.664	-57452.81	3753.0193	-43947.387	-73765.98	56733.44	332047.16	2083.0602991580963
63	-111169.195	14672.96	-89479.71	-150433.45	-211457.17	21322.084	-165438.61	-239360.83	180.0	180.0	314999	-55623.977	3049.449	-45338.812	-72086.96	-55624.18	3050.3135	-45075.723	-72091.016	55050.203	332141.66	2118.2615480422974
64	-105192.2	21348.58	-74218.67	-149449.56	-212951.7	23871.795	-166439.86	-240448.55	180.0	180.0	319999	-55267.965	3111.7466	-44274.492	-71292.72	-55268.035	3113.0715	-46939.492	-71575.39	54738.113	297323.3	2154.075744152069
65	-98075.12	5304.644	-87015.3	-109786.15	-220794.95	20204.53	-168653.47	-242684.06	180.0	180.0	324999	-55422.086	3537.54	-48713.676	-73291.02	-55422.11	3539.5112	-48536.66	-73350.32	54954.758	269224.75	2189.2633311748505
66	-84386.06	11305.223	-62314.242	-106342.9	-184472.9	23870.145	-161137.58	-228771.1	180.0	180.0	329999	-55323.098	3922.8164	-46483.957	-73484.15	-55323.184	3922.5366	-47354.293	-73626.38	54864.31	244049.38	2224.9119119644165
67	-86285.05	11075.097	-64971.375	-99194.91	-199996.14	28312.723	-162003.2	-243250.53	180.0	180.0	334999	-55102.957	4399.4434	-46794.523	-72787.54	-55103.11	4399.0024	-47299.08	-72580.78	54641.797	238435.64	2260.5054960250854
68	-83071.09	10563.601	-61819.664	-102982.48	-201309.55	24229.225	-169302.67	-243453.25	180.0	180.0	339999	-54754.5	4787.305	-46912.527	-70114.734	-54754.605	4787.0083	-46994.297	-69442.86	54296.293	223317.66	2296.7568950653076
69	-78953.125	16308.784	-53636.082	-107067.73	-207830.23	26934.846	-166628.39	-241785.69	180.0	180.0	344999	-54469.645	5066.236	-46032.324	-71525.086	-54469.66	5066.3774	-45876.664	-71964.41	54033.684	219928.73	2332.740210056305
70	-79590.51	14358.22	-55290.816	-110088.99	-162531.72	32233.383	-99146.82	-204721.81	180.0	180.0	349999	-54262.777	5291.438	-45072.324	-71725.26	-54262.83	5291.42	-44850.207	-72234.016	53831.63	211354.42	2367.520926952362
71	-72395.28	15571.65	-48579.453	-94944.07	-101102.86	45335.72	-55878.184	-180654.5	180.0	180.0	354999	-53952.23	5504.0327	-44417.39	-71951.49	-53952.2	5504.031	-44407.96	-71962.19	53514.08	217418.8	2402.9224960803986
72	-65829.21	14747.803	-42488.676	-90417.52	-91940.016	39350.46	-54209.016	-151045.5	180.0	180.0	359999	-53364.055	5808.7065	-43760.25	-71474.82	-53364.105	5808.79	-43739.707	-71202.58	52908.145	214880.61	2439.4619221687317
73	-63947.375	16870.809	-41339.37	-97523.9	-48050.57	7161.6987	-38238.54	-64967.15	180.0	180.0	364999	-52845.625	6045.958	-43215.938	-70808.625	-52845.715	6045.925	-43011.42	-71427.38	52400.5	213464.28	2475.1679360866547
74	-60480.312	16978.693	-41151.008	-90933.76	-48048.23	14522.522	-31768.0	-78069.984	180.0	180.0	369999	-52490.055	6261.523	-42648.645	-69964.5	-52490.1	6261.5703	-42330.105	-70683.086	52041.684	210912.03	2510.558818101883
75	-62319.254	14473.148	-43087.61	-89621.69	-92677.88	45879.277	-40499.27	-162075.47	180.0	180.0	374999	-52167.28	6448.433	-42120.453	-69733.42	-52167.242	6448.7407	-41963.688	-69837.75	51712.29	207796.61	2546.5550899505615
76	-58101.207	13862.753	-38882.836	-90764.94	-70634.67	48329.484	-28038.945	-132917.88	180.0	180.0	379999	-51867.9	6616.297	-41537.42	-69553.11	-51867.914	6616.5254	-41116.367	-69521.73	51413.18	206091.8	2582.7567870616913
77	-58537.625	14447.893	-39447.18	-89939.64	-92232.61	38920.85	-36713.867	-142905.25	180.0	180.0	384999	-51590.598	6751.866	-41068.926	-69099.74	-51590.566	6752.084	-41060.273	-69215.54	51135.297	206498.94	2618.6196360588074
78	-47242.027	20854.025	-27609.17	-86598.336	-23156.297	14943.147	-4582.393	-40735.36	180.0	180.0	389999	-51327.74	6887.568	-40385.51	-68603.21	-51327.71	6887.8	-40378.266	-68721.01	50856.504	208714.66	2654.659503221512
79	-47963.5	20615.498	-26122.164	-97165.414	-26190.902	20353.625	-7215.4087	-83051.79	180.0	180.0	394999	-50908.56	7127.3525	-39378.84	-68310.555	-50908.527	7127.481	-39328.47	-68427.055	50426.223	208387.86	2690.694629907608
80	-47105.008	16816.885	-28350.906	-89600.74	-21258.414	9174.446	-11873.28	-45296.31	180.0	180.0	399999	-50474.55	7353.9536	-38275.555	-68454.84	-50474.562	7353.9775	-38412.254	-68367.94	49990.84	208703.2	2726.3712379932404
81	-54087.664	19440.629	-24818.664	-86833.766	-17678.348	7722.205	-6300.842	-33426.0	180.0	180.0	404999	-50009.426	7583.3755	-37539.152	-68758.7	-50009.367	7583.3975	-37590.27	-68644.87	49524.69	208842.34	2762.8235280513763
82	-45242.38	17961.979	-24003.281	-85674.01	-10930.1045	4916.1445	-5430.8677	-19635.541	180.0	180.0	409999	-49630.78	7781.8213	-36856.84	-69576.62	-49630.754	7781.805	-36884.363	-69237.6	49147.465	212934.34	2797.87655711174
83	-47436.918	17771.291	-23208.87	-80765.16	-8713.095	6866.823	-998.2485	-21913.45	180.0	180.0	414999	-49272.395	7941.384	-36100.465	-70093.695	-49272.383	7941.3037	-36128.418	-69869.06	48785.473	212814.03	2834.081624031067
84	-41235.26	17658.404	-20132.652	-84152.07	-16254.833	12754.502	-1704.9387	-47203.406	180.0	180.0	419999	-48915.78	8080.777	-35486.688	-70753.71	-48915.777	8080.665	-35503.12	-70461.68	48428.043	214129.69	2869.908501148224
85	-41486.855	18307.166	-22651.836	-84264.91	-20330.09	14648.736	-2732.2427	-41350.0	180.0	180.0	424999	-48576.184	8206.185	-34687.43	-71380.586	-48576.215	8206.079	-34712.723	-71249.09	48085.414	218032.03	2906.3266150951385
86	-49787.918	20903.152	-22665.143	-82923.71	-14485.924	7904.0864	-2182.1443	-26314.352	180.0	180.0	429999	-48317.535	8349.335	-34063.0	-71804.586	-48317.574	8349.197	-34117.07	-71658.73	47829.035	216226.3	2942.0626380443573
87	-44654.387	16328.85	-25808.955	-89925.05	-7647.914	7339.849	-1026.082	-25135.062	180.0	180.0	434999	-48066.97	8469.482	-33578.316	-72006.95	-48066.965	8469.388	-33623.777	-71573.44	47573.047	218517.73	2977.9708659648895
88	-46217.457	18509.006	-22596.605	-82611.695	-11282.157	8086.362	-2832.3584	-26344.67	180.0	180.0	439999	-47838.77	8575.601	-33370.246	-71904.805	-47838.734	8575.547	-33368.25	-71575.2	47351.457	220207.64	3012.8905510902405
89	-48108.27	15800.471	-21586.182	-75552.54	-10710.281	9407.678	-1708.2806	-27770.855	180.0	180.0	444999	-47684.76	8690.571	-33135.707	-72018.27	-47684.754	8690.544	-33088.3	-71845.91	47195.406	219176.86	3047.7346560955048
90	-49918.27	18042.066	-24149.145	-81084.125	-13789.33	7676.2505	-5323.3423	-29728.24	180.0	180.0	449999	-47580.2	8807.431	-32848.363	-71747.02	-47580.18	8807.403	-32828.855	-71663.69	47094.258	232247.11	3081.8953511714935
91	-47387.19	17449.85	-22490.137	-76153.52	-4288.505	4854.844	-249.50616	-17433.99	180.0	180.0	454999	-47491.355	8909.351	-32590.29	-71360.48	-47491.324	8909.303	-32441.758	-71206.61	47008.383	233870.83	3115.091145992279
92	-45940.9	15939.582	-22461.709	-74806.65	-7171.8657	6972.4517	547.3597	-22331.129	180.0	180.0	459999	-47397.38	8996.279	-32408.139	-71297.22	-47397.406	8996.2	-32336.531	-71279.555	46916.992	229716.1	3148.421112060547
93	-42999.758	16179.348	-22962.158	-83664.79	-11763.412	12382.923	-1818.5342	-43976.91	180.0	180.0	464999	-47346.965	9078.904	-32256.303	-70916.9	-47346.902	9078.882	-32128.133	-70977.71	46862.08	232828.22	3182.0384809970856
94	-48592.777	16506.344	-23332.01	-85056.73	-11512.107	6453.8906	-1983.2263	-23065.43	180.0	180.0	469999	-47304.81	9144.916	-32070.352	-70962.1	-47304.824	9144.899	-31941.008	-71075.83	46821.574	230084.97	3215.3795070648193
95	-47751.66	17103.742	-23358.32	-84197.07	-8888.661	7541.5474	-2971.3472	-25500.586	180.0	180.0	474999	-47239.203	9201.597	-31905.871	-71077.37	-47239.19	9201.608	-31795.799	-71438.75	46757.79	227983.56	3248.8721079826355
96	-43350.914	18406.084	-24439.703	-77116.99	-11519.604	6874.57	-1917.7029	-20760.17	180.0	180.0	479999	-47196.37	9270.882	-31794.818	-71493.24	-47196.332	9270.858	-31675.627	-71568.85	46713.06	233100.98	3282.452632188797
97	-48705.055	16769.072	-23989.059	-76579.31	-6092.69	6995.376	-801.27344	-24332.408	180.0	180.0	484999	-47164.21	9318.403	-31709.709	-72077.914	-47164.207	9318.378	-31641.447	-71727.18	46680.93	243406.12	3315.585155248642
98	-45266.46	17265.582	-23553.74	-82316.46	-14067.94	8921.711	-1053.9202	-26303.385	180.0	180.0	489999	-47140.39	9347.728	-31670.115	-72209.12	-47140.383	9347.699	-31532.607	-72223.62	46660.3	233529.1	3348.795217037201
99	-45165.895	19001.94	-24278.09	-89745.96	-3171.5854	4030.5854	519.75757	-13178.43	180.0	180.0	494999	-47141.67	9372.556	-31654.271	-72005.23	-47141.676	9372.539	-31606.29	-72106.086	46652.547	227750.97	3382.3884999752045
100	-46211.305	16720.836	-27051.809	-76082.3	-6480.781	4694.5693	-1826.7535	-15539.187	180.0	180.0	499999	-47156.027	9404.841	-31632.248	-71909.65	-47156.043	9404.809	-31621.54	-72469.445	46682.566	233599.03	3415.8000180721283
101	-44073.15	14114.468	-25497.88	-67299.055	-4504.2104	3672.139	-1829.7863	-12366.799	180.0	180.0	504999	-47187.934	9418.951	-31734.586	-71713.61	-47187.895	9418.944	-31599.53	-72097.92	46706.61	227686.45	3449.2478761672974
102	-48859.695	16746.242	-25720.715	-78783.89	-10243.186	8637.341	-2410.8013	-31096.838	180.0	180.0	509999	-47209.742	9425.781	-31807.422	-71767.15	-47209.76	9425.769	-31748.377	-71898.49	46728.758	228969.83	3483.0539112091064
103	-41989.48	16555.531	-24494.668	-79254.18	-11057.808	9669.358	-508.09763	-27074.836	180.0	180.0	514999	-47217.973	9439.255	-31754.506	-71451.86	-47217.95	9439.234	-31742.518	-71484.94	46750.016	230087.47	3517.756483078003
104	-47927.17	17344.023	-23145.838	-80136.59	-5883.1494	4804.0786	-2400.6853	-17263.008	180.0	180.0	519999	-47239.062	9432.569	-31536.477	-71407.766	-47239.05	9432.565	-31626.816	-71537.23	46767.62	230455.97	3551.033219099045
105	-40147.445	13289.081	-25121.545	-68326.41	-19038.316	12360.516	-1456.3918	-37531.65	180.0	180.0	524999	-47245.047	9423.284	-31462.812	-71712.18	-47245.03	9423.285	-31496.35	-71938.86	46764.902	236693.5	3584.3349561691284
106	-44873.594	16495.36	-23152.432	-79417.58	-9722.436	8764.261	-886.7847	-26011.004	180.0	180.0	529999	-47264.824	9398.39	-31531.686	-71571.125	-47264.85	9398.367	-31325.994	-71518.664	46794.547	227968.81	3617.6356432437897
107	-44163.527	13507.017	-28112.91	-71884.664	-13349.083	11272.524	-2524.7317	-32456.19	180.0	180.0	534999	-47300.066	9359.321	-31534.23	-72134.97	-47300.055	9359.3	-31594.824	-72022.69	46829.16	226920.39	3650.9858372211456
108	-41912.918	13297.278	-27378.293	-74928.68	-12432.07	11734.974	-1444.241	-32250.264	180.0	180.0	539999	-47329.277	9319.155	-31743.709	-72044.65	-47329.277	9319.167	-31737.09	-72381.9	46862.996	231474.66	3694.2344331741333
109	-39811.953	15641.554	-25217.045	-75796.2	-7510.6924	11363.257	716.2456	-35382.117	180.0	180.0	544999	-47348.062	9294.489	-31793.527	-72458.61	-47348.01	9294.508	-31756.438	-72553.41	46877.273	236461.42	3730.6720640659332
110	-41034.99	13394.427	-26181.979	-68897.625	-10468.198	11634.846	-187.36156	-34738.03	180.0	180.0	549999	-47354.445	9272.749	-31816.203	-72796.17	-47354.406	9272.789	-31675.871	-72870.21	46883.797	228085.2	3767.272926092148
111	-45603.7	15347.111	-26150.838	-78857.2	-4733.0845	4623.0366	-444.94336	-15856.651	180.0	180.0	554999	-47395.473	9244.238	-32142.67	-73134.15	-47395.453	9244.232	-32233.775	-72759.08	46936.5	223906.92	3803.4210591316223
112	-39165.53	11393.831	-26035.68	-75205.62	-7336.5405	7877.9434	-740.0043	-26379.736	180.0	180.0	559999	-47429.375	9214.702	-32415.9	-72988.71	-47429.375	9214.697	-32227.953	-72967.305	46967.723	225351.73	3839.9977810382843
113	-39671.066	12142.822	-26927.963	-70063.28	-4960.486	7339.8193	1062.7097	-24617.9	180.0	180.0	564999	-47466.203	9168.007	-32534.598	-73118.52	-47466.2	9168.007	-32514.223	-73095.086	47009.023	228707.08	3877.2261209487915
114	-45776.145	17898.402	-27281.87	-79168.29	-7060.878	8867.025	-862.21094	-27778.754	180.0	180.0	569999	-47489.523	9147.501	-32685.95	-73446.64	-47489.523	9147.525	-32402.072	-73232.73	47030.875	225488.12	3912.8400321006775
115	-42253.78	14868.173	-26183.283	-73846.516	-8196.793	5584.0967	483.31393	-21149.926	180.0	180.0	574999	-47511.984	9132.062	-32355.773	-73623.56	-47511.94	9132.098	-32541.889	-73550.95	47060.2	229978.62	3949.2825491428375
116	-42006.918	12860.976	-25568.04	-72693.016	-8965.0	7440.7886	-1249.662	-24213.787	180.0	180.0	579999	-47560.44	9109.565	-32432.705	-73649.77	-47560.445	9109.538	-32375.434	-73606.336	47108.895	221568.64	3986.275148153305
117	-44502.395	14618.672	-26004.508	-77764.25	-12435.521	7518.192	-3730.7434	-24254.727	180.0	180.0	584999	-47637.13	9082.042	-32472.951	-73860.29	-47637.08	9082.0205	-32385.58	-73880.2	47181.2	220290.1	4023.623707294464
118	-45769.402	15927.644	-25573.602	-78094.016	-14629.344	9245.878	-1956.4869	-29244.47	180.0	180.0	589999	-47725.22	9061.755	-32557.352	-74149.41	-47725.215	9061.747	-32446.996	-74312.75	47275.58	226832.69	4060.2581040859222
119	-47890.055	16388.936	-27184.582	-77658.11	-12952.302	8131.0757	-214.46005	-23968.33	180.0	180.0	594999	-47834.195	9025.338	-32354.947	-74121.03	-47834.277	9025.225	-32817.637	-74147.34	47385.566	230191.0	4097.1090450286865
120	-45051.12	14801.616	-27828.291	-77293.7	-17360.238	13400.969	-912.0789	-36367.395	180.0	180.0	599999	-47928.844	8974.199	-32705.953	-74257.6	-47928.79	8974.283	-32548.086	-74286.6	47481.566	223029.5	4133.886648178101
121	-43432.082	12808.656	-26501.555	-75414.11	-13537.945	8109.87	-4502.337	-31312.47	180.0	180.0	604999	-48032.17	8923.329	-32687.428	-74563.24	-48032.15	8923.304	-32799.15	-74617.83	47590.38	216212.17	4170.89021396637
122	-43316.05	14729.083	-28480.4	-71623.695	-16513.34	9810.298	-2345.498	-31154.043	180.0	180.0	609999	-48124.934	8871.784	-32924.418	-74581.74	-48124.9	8871.79	-33037.98	-74275.6	47675.76	224519.19	4208.17805814743
123	-41401.26	10973.49	-25504.68	-68789.84	-18635.78	11125.282	-214.9292	-30988.674	180.0	180.0	614999	-48236.87	8826.728	-33083.023	-74092.375	-48236.84	8826.726	-32697.984	-74067.13	47798.715	219978.19	4245.744930028915
124	-38179.508	10637.906	-26656.871	-64782.92	-9687.1045	7652.5044	1002.4228	-24302.47	180.0	180.0	619999	-48317.105	8763.943	-33137.383	-73644.586	-48317.094	8763.958	-33039.85	-73840.26	47881.51	215020.36	4282.994917869568
125	-47377.348	16086.742	-28630.156	-73017.664	-11543.603	5750.367	-3365.945	-23867.467	180.0	180.0	624999	-48413.25	8715.17	-33680.707	-73808.59	-48413.21	8715.168	-33808.492	-73789.57	47973.812	216679.75	4320.713542222977
126	-46431.832	14138.99	-28466.732	-75191.06	-15813.471	9619.3545	-4451.9106	-30898.377	180.0	180.0	629999	-48531.613	8672.533	-33857.61	-74056.54	-48531.613	8672.512	-34059.65	-74150.61	48096.31	219767.55	4357.92615032196
127	-46122.793	15751.448	-29821.033	-78176.96	-15259.198	7537.0225	-1453.6627	-31966.262	180.0	180.0	634999	-48653.31	8627.736	-34211.465	-74175.81	-48653.27	8627.742	-34278.797	-74252.18	48216.965	219557.77	4394.7831790447235
128	-41337.29	11884.942	-27840.68	-72564.52	-11834.234	8999.975	-1445.5359	-29613.434	180.0	180.0	639999	-48778.74	8573.238	-34423.555	-74445.02	-48778.723	8573.253	-34206.688	-74528.664	48344.54	214443.48	4430.939125061035
129	-45239.055	11860.058	-29944.178	-65113.46	-14545.766	9873.349	11.36697	-34562.426	180.0	180.0	644999	-48890.176	8508.985	-34617.29	-75229.195	-48890.145	8508.986	-34555.92	-75143.4	48459.184	215618.88	4467.4122660160065
130	-40308.06	12196.81	-23584.324	-68231.02	-6740.1084	8604.203	-500.83554	-31818.494	180.0	180.0	649999	-48954.12	8468.075	-34794.31	-75710.6	-48954.12	8468.112	-34576.383	-75591.63	48519.156	213036.06	4504.033872842789
131	-42670.176	14176.488	-26458.41	-78147.15	-11100.175	11507.987	-102.525536	-32175.852	180.0	180.0	654999	-49027.062	8462.786	-34974.598	-75471.06	-49027.09	8462.808	-34833.656	-75476.86	48584.79	213032.36	4540.674202203751
132	-44712.133	13129.488	-25895.604	-73749.164	-8791.421	10179.195	963.3592	-27019.918	180.0	180.0	659999	-49079.93	8456.709	-35036.4	-75010.28	-49079.887	8456.701	-34951.695	-75137.9	48642.645	213098.42	4578.119067192078
133	-40615.535	13962.409	-27230.178	-76414.195	-9323.188	8604.1875	-1478.6672	-26267.01	180.0	180.0	664999	-49132.78	8455.358	-35040.223	-74536.19	-49132.79	8455.374	-34238.31	-74604.19	48701.184	208050.92	4616.376545190811
134	-46665.09	17096.494	-27281.389	-80166.21	-5265.245	8824.834	152.9003	-30442.418	180.0	180.0	669999	-49192.95	8452.809	-35180.887	-74327.18	-49192.938	8452.787	-34910.93	-74538.69	48754.098	203879.05	4653.8657121658325
135	-50382.45	16397.854	-29044.666	-79595.3	-10160.059	8350.836	-1431.2369	-27144.58	180.0	180.0	674999	-49291.434	8457.612	-35186.168	-74535.91	-49291.465	8457.576	-34992.3	-74513.66	48857.37	213707.52	4691.988552093506
136	-45880.32	16150.452	-26740.352	-74946.04	-12343.542	9907.222	394.53946	-28732.404	180.0	180.0	679999	-49398.2	8452.604	-35207.89	-74554.25	-49398.14	8452.616	-35112.938	-74517.516	48956.09	206958.16	4729.557038068771
137	-47489.23	15553.45	-26159.691	-80418.13	-10107.331	7224.205	305.10095	-20751.154	180.0	180.0	684999	-49497.77	8435.237	-34887.574	-74728.484	-49497.73	8435.218	-35025.715	-74584.914	49057.094	204331.52	4767.682551145554
138	-43875.875	14732.3545	-27980.576	-74487.164	-10686.583	9511.861	129.73152	-29884.043	180.0	180.0	689999	-49600.344	8422.326	-34975.066	-74746.03	-49600.29	8422.28	-35008.812	-74728.63	49171.824	212576.16	4806.075939178467
139	-46785.395	18105.861	-26485.664	-82615.16	-5995.8174	6633.5312	-1866.6334	-24370.496	180.0	180.0	694999	-49711.812	8410.543	-35324.824	-75148.445	-49711.78	8410.529	-35100.39	-75403.32	49270.605	217323.23	4842.610798120499
140	-47385.285	17196.49	-26947.045	-79076.875	-7187.544	6113.085	59.150105	-18387.303	180.0	180.0	699999	-49808.49	8400.365	-35378.62	-75298.94	-49808.49	8400.337	-35105.133	-75575.695	49375.64	211233.31	4879.017275094986
141	-46485.418	17322.008	-26713.533	-79225.59	-6567.3486	6142.15	1091.0631	-15792.0205	180.0	180.0	704999	-49949.293	8387.835	-35486.33	-75093.23	-49949.242	8387.808	-35471.188	-75292.445	49513.082	214491.94	4916.039686918259
142	-43542.312	13789.367	-25050.37	-73944.75	-14359.174	10795.515	1073.4246	-28777.02	180.0	180.0	709999	-50074.82	8369.966	-35684.19	-75113.0	-50074.773	8369.95	-35296.39	-75425.695	49634.72	212940.72	4953.0910840034485
143	-47062.473	16079.907	-28266.35	-81788.36	-7570.617	7413.0947	1074.8403	-26058.256	180.0	180.0	714999	-50242.96	8337.924	-35621.555	-74196.94	-50242.97	8337.904	-35573.027	-74619.414	49798.176	206486.94	4990.519343137741
144	-48754.57	13493.416	-30771.215	-79616.46	-4525.5303	5094.372	994.8069	-14426.765	180.0	180.0	719999	-50447.426	8293.823	-35737.383	-73946.94	-50447.44	8293.78	-35238.105	-74173.49	50008.14	208722.73	5028.346071004868
145	-49004.977	12916.175	-32835.812	-79471.195	-5914.81	5743.727	882.1455	-19231.113	180.0	180.0	724999	-50645.01	8218.934	-35805.75	-74738.98	-50645.023	8218.911	-35485.05	-74821.46	50211.465	211937.53	5064.908105134964
146	-47116.78	14225.865	-28592.633	-76849.34	-6473.3857	6726.0938	-405.04425	-24704.582	180.0	180.0	729999	-50870.79	8152.3896	-36184.56	-75556.805	-50870.785	8152.2983	-36128.74	-75532.82	50427.586	209420.2	5101.257657051086
147	-48540.777	14938.963	-31902.91	-78573.89	-7155.096	5487.8555	159.57109	-21336.604	180.0	180.0	734999	-51074.418	8081.4873	-36474.79	-75390.29	-51074.37	8081.441	-36249.715	-75401.77	50636.527	216787.38	5140.5359098911285
148	-54568.87	13107.205	-30687.854	-82821.89	-8720.876	8826.377	-68.544174	-22418.828	180.0	180.0	739999	-51301.145	8018.4165	-36364.855	-75288.59	-51301.098	8018.381	-36162.965	-75132.74	50859.58	216345.9	5176.964481115341
149	-47013.13	12932.768	-32133.662	-77631.75	-11836.002	8021.6353	-4027.0244	-24959.086	180.0	180.0	744999	-51539.5	7946.3145	-36683.094	-75154.27	-51539.453	7946.253	-36802.477	-75071.56	51096.75	209479.05	5213.905637264252
150	-47569.746	11294.705	-31716.924	-79740.266	-8086.535	6212.5723	-6.6117187	-24438.055	180.0	180.0	749999	-51739.867	7880.6494	-37156.934	-75411.55	-51739.902	7880.584	-37295.3	-75362.06	51296.645	206569.98	5251.099411010742
151	-48278.625	14758.5625	-31063.865	-76666.93	-10157.409	6055.02	-3697.652	-23220.012	180.0	180.0	754999	-51933.36	7808.222	-37588.58	-76671.71	-51933.34	7808.1724	-37452.508	-76364.66	51493.477	202430.2	5287.1937210559845
152	-48260.996	12787.227	-34347.12	-75480.62	-8948.134	6852.9287	-1098.1042	-24582.19	180.0	180.0	759999	-52117.863	7741.435	-37939.89	-76475.27	-52117.863	7741.3623	-37611.78	-76767.55	51681.734	203028.03	5324.084418058395
153	-50602.8	13623.625	-33613.7	-78103.99	-6884.9736	5305.925	625.1538	-20344.852	180.0	180.0	764999	-52288.094	7658.9766	-37982.656	-76397.38	-52288.074	7658.921	-38055.355	-76297.61	51839.902	206933.42	5361.08037519455
154	-48232.555	12979.664	-34871.617	-78594.17	-7288.4233	6325.253	1079.9302	-19615.555	180.0	180.0	769999	-52452.492	7573.443	-38322.434	-75942.03	-52452.453	7573.3906	-38262.375	-76023.29	52003.25	200724.77	5399.237010002136
155	-50042.957	10912.223	-35345.355	-78743.53	-6017.3516	3795.6328	-133.20262	-12361.038	180.0	180.0	774999	-52610.656	7475.1343	-38349.254	-76795.83	-52610.695	7475.0293	-38291.055	-76575.96	52170.785	193813.25	5437.692206144333
156	-51741.367	12656.424	-36144.5	-79405.59	-7240.165	6057.1113	401.7091	-16595.467	180.0	180.0	779999	-52770.637	7368.3735	-38401.38	-77176.58	-52770.586	7368.304	-38420.523	-76817.24	52328.258	194059.64	5475.502242088318
157	-54274.445	13846.613	-38410.586	-81532.85	-9025.257	7780.4595	504.28522	-26829.064	180.0	180.0	784999	-52926.715	7266.538	-39124.555	-77269.09	-52926.69	7266.452	-38924.58	-77082.05	52481.426	188256.56	5513.359944105148
158	-50189.574	11193.986	-37775.062	-80411.23	-10840.802	10652.42	973.6063	-34664.86	180.0	180.0	789999	-53056.887	7170.4688	-39034.4	-76168.195	-53056.902	7170.389	-38885.82	-76046.94	52616.26	186382.95	5550.377146244049
159	-55437.457	14006.231	-38664.293	-83088.72	-12266.227	10145.199	-1705.945	-38622.61	180.0	180.0	794999	-53175.94	7080.9487	-39328.207	-75870.055	-53175.918	7080.8467	-39354.52	-75952.66	52735.547	188238.72	5587.241717100143
160	-53811.586	13009.276	-36080.973	-77893.305	-10147.768	4731.472	-6084.1416	-21609.588	180.0	180.0	799999	-53279.492	7005.8613	-39351.24	-75786.8	-53279.44	7005.7627	-39169.99	-76074.4	52837.46	181813.05	5622.230114221573
161	-59422.395	15186.059	-40007.016	-82725.445	-10552.665	5275.05	-5321.241	-22062.357	180.0	180.0	804999	-53372.336	6940.3335	-38772.65	-75726.445	-53372.316	6940.282	-39527.285	-75875.52	52927.547	181325.6	5656.9879450798035
162	-54216.594	12006.783	-38389.277	-80561.29	-6625.487	6150.27	42.479366	-17940.146	180.0	180.0	809999	-53425.504	6859.7866	-39903.086	-75821.35	-53425.535	6859.674	-39790.918	-75601.35	52978.543	178908.42	5691.596435070038
163	-54164.008	9813.566	-39501.266	-76355.37	-7101.212	5966.3906	310.87054	-23117.729	180.0	180.0	814999	-53475.16	6770.776	-40010.07	-75325.35	-53475.133	6770.7188	-40036.695	-75188.484	53033.695	179079.86	5726.156018972397
164	-52032.324	10904.215	-40461.918	-75171.4	-6632.3765	5150.345	-1568.6371	-17731.387	180.0	180.0	819999	-53506.004	6682.6567	-39781.51	-75049.016	-53505.984	6682.5625	-39942.438	-75129.09	53067.96	182125.84	5760.761620998383
165	-53117.312	10364.372	-40397.613	-85974.97	-7368.1626	4290.0146	-3935.2239	-19594.285	180.0	180.0	824999	-53506.64	6602.8633	-40357.836	-74738.99	-53506.613	6602.7783	-40397.61	-74817.37	53068.445	174973.17	5795.39630484581
166	-54241.918	11196.753	-39714.96	-78565.195	-4012.341	4641.832	666.6276	-14656.382	180.0	180.0	829999	-53473.14	6528.485	-40257.094	-74823.266	-53473.125	6528.3696	-40542.84	-74985.29	53032.56	171384.48	5830.243902921677
167	-55893.258	10438.096	-40355.664	-82196.74	-7712.8135	4989.0303	-1402.347	-18994.943	180.0	180.0	834999	-53443.938	6459.351	-40361.74	-74241.27	-53443.926	6459.3	-40305.793	-74515.11	53000.664	168796.9	5864.924539089203
168	-57748.9	11854.121	-41341.406	-80371.85	-7554.263	3637.8042	-4051.8413	-15279.822	180.0	180.0	839999	-53398.383	6405.482	-40333.066	-74463.1	-53398.402	6405.422	-40431.68	-74406.8	52956.305	168464.84	5899.636230945587
169	-54280.55	9711.667	-42486.9	-73702.08	-8207.705	5350.025	-552.15424	-21177.578	180.0	180.0	844999	-53348.227	6348.0386	-40354.336	-74052.87	-53348.203	6348.01	-40295.76	-74261.25	52909.613	164252.64	5934.670370101929
170	-54803.035	11469.429	-40062.566	-78629.17	-4883.319	5194.5396	743.4113	-14554.912	180.0	180.0	849999	-53274.004	6305.7397	-40355.05	-74192.984	-53273.957	6305.7266	-40079.086	-74615.625	52828.47	162003.56	5969.723326921463
171	-57204.695	12163.741	-39423.684	-82422.09	-7507.1553	7671.7026	656.10034	-21649.418	180.0	180.0	854999	-53183.48	6277.4165	-40368.777	-74106.12	-53183.445	6277.3423	-40483.555	-74359.98	52737.684	162676.58	6004.708028078079
172	-57253.38	12674.179	-41531.496	-84219.8	-4650.6265	2810.853	283.7702	-7436.9688	180.0	180.0	859999	-53091.133	6258.2236	-40556.164	-74131.17	-53091.074	6258.1743	-40690.58	-73960.055	52645.926	159692.92	6040.061074018478
173	-53705.824	11730.248	-37583.934	-77760.03	-5937.961	4492.941	-1145.4408	-16782.7	180.0	180.0	864999	-52979.29	6244.1514	-40512.773	-73860.19	-52979.3	6244.1143	-40513.145	-73969.51	52537.492	158448.08	6075.260240077972
174	-52911.695	12485.503	-39077.59	-85446.33	-6784.3506	6736.8535	-576.65906	-17749.582	180.0	180.0	869999	-52811.15	6255.2183	-40377.676	-73752.88	-52811.086	6255.191	-40402.492	-73700.94	52372.938	158078.31	6110.178971290588
175	-53324.97	13011.095	-38831.797	-84984.98	-5676.1973	4950.273	-355.48117	-16810.445	180.0	180.0	874999	-52652.96	6288.471	-40271.297	-73757.84	-52652.96	6288.452	-40301.02	-73304.195	52211.406	155665.38	6144.863499164581
176	-54001.668	11640.523	-38536.824	-84843.86	-8091.96	4620.7534	-1678.3376	-16673.287	180.0	180.0	879999	-52461.11	6333.863	-40490.324	-73065.53	-52461.125	6333.8022	-40278.59	-73032.945	52018.836	151377.39	6179.532850027084
177	-55627.258	12664.988	-40296.39	-80281.59	-3425.6335	2051.9575	-1021.8137	-7017.3403	180.0	180.0	884999	-52280.65	6380.2246	-40161.652	-73209.14	-52280.625	6380.186	-39966.996	-72839.484	51849.14	154573.23	6214.248379945755
178	-53289.332	9637.933	-41787.95	-76440.97	-6302.9634	2811.7039	49.474323	-11148.722	180.0	180.0	889999	-52091.043	6420.464	-40007.496	-72758.16	-52091.05	6420.4243	-39999.344	-72853.305	51656.61	154294.69	6249.032848119736
179	-55690.65	11289.29	-38191.777	-78809.33	-5891.984	2327.2844	-2751.792	-11507.108	180.0	180.0	894999	-51918.812	6467.1655	-40054.996	-72057.04	-51918.82	6467.1494	-40029.387	-72054.64	51484.49	152296.25	6283.857854127884
180	-52777.895	12826.147	-38227.52	-82554.97	-6894.7446	4109.934	-517.77686	-16933.14	180.0	180.0	899999	-51756.457	6506.2725	-39770.07	-72192.14	-51756.43	6506.2334	-39703.316	-72068.87	51314.355	159515.52	6318.746167182922
181	-55071.418	13199.522	-39388.336	-81596.25	-8761.229	4936.294	-243.87656	-17189.697	180.0	180.0	904999	-51584.69	6551.3545	-39587.582	-72228.836	-51584.684	6551.353	-39415.848	-71668.23	51145.344	154163.89	6353.67418718338
182	-53775.008	12495.705	-38994.77	-80144.305	-4413.3335	2630.6875	107.48624	-7205.254	180.0	180.0	909999	-51401.758	6602.81	-39496.883	-71647.01	-51401.77	6602.807	-39229.625	-71419.91	50961.29	156830.72	6388.457813024521
183	-55168.887	12893.729	-41573.812	-85038.81	-4273.405	3376.1353	-143.44643	-8948.458	180.0	180.0	914999	-51230.62	6667.3257	-39281.01	-71207.75	-51230.598	6667.3027	-39230.242	-71040.94	50791.168	154064.45	6423.399258136749
184	-54181.586	12115.544	-41470.625	-78698.2	-3886.593	2565.3433	-333.92883	-8015.633	180.0	180.0	919999	-51074.5	6721.141	-39088.6	-71036.79	-51074.457	6721.1514	-39144.867	-71239.695	50634.61	156444.36	6458.4288902282715
185	-52928.69	11888.776	-39754.9	-77271.61	-3310.4355	2810.6497	193.0576	-6909.476	180.0	180.0	924999	-50926.99	6769.665	-39019.004	-71324.81	-50926.992	6769.6216	-38995.938	-71672.6	50489.453	149700.45	6493.20565199852
186	-51794.824	15069.683	-37234.01	-83887.99	-4145.726	4687.582	-151.76918	-16114.353	180.0	180.0	929999	-50785.86	6813.6396	-38575.71	-71660.695	-50785.836	6813.622	-38456.023	-71334.664	50342.363	151180.9	6528.115520000458
187	-54921.355	14094.4375	-41108.543	-86534.05	-8638.568	4825.255	-217.80783	-17380.484	180.0	180.0	934999	-50660.062	6865.511	-38565.92	-71254.34	-50660.113	6865.479	-38725.004	-71417.8	50215.344	153263.03	6563.0504331588745
188	-55606.188	11887.512	-39977.7	-83759.81	-4679.0513	4034.1643	975.8216	-12167.307	180.0	180.0	939999	-50547.395	6909.135	-38761.855	-70833.77	-50547.39	6909.1055	-38493.754	-71143.234	50110.67	154442.44	6597.950395107269
189	-60540.934	16440.96	-42059.26	-87860.16	-5677.154	4910.187	1287.0455	-17720.55	180.0	180.0	944999	-50457.45	6956.965	-38805.156	-71587.97	-50457.406	6956.8926	-38801.906	-70817.125	50018.086	153022.55	6633.230439901352
190	-59153.66	15286.583	-39143.707	-87123.56	-3175.653	2156.6865	315.37112	-6365.0073	180.0	180.0	949999	-50356.99	7013.305	-38650.668	-71065.625	-50356.97	7013.2197	-38789.953	-70803.75	49916.43	151168.42	6669.183737039566
191	-58807.55	13384.993	-39755.56	-80770.09	-10016.457	7570.1553	-1758.9723	-27733.113	180.0	180.0	954999	-50281.184	7050.26	-38506.273	-70668.695	-50281.164	7050.1943	-38462.54	-70756.74	49841.734	155058.08	6704.239054203033
192	-60190.574	15194.978	-36882.87	-89879.484	-5913.7114	5508.2715	842.1394	-16087.241	180.0	180.0	959999	-50199.52	7080.7393	-38571.785	-70619.86	-50199.484	7080.6724	-38580.67	-70706.06	49762.695	156252.53	6739.197565078735
193	-60062.082	14173.573	-41547.38	-85693.51	-5772.849	4446.55	-1088.1279	-17866.803	180.0	180.0	964999	-50125.18	7113.6714	-38384.953	-70705.76	-50125.223	7113.586	-38196.7	-70803.195	49680.453	155345.81	6775.41046500206
194	-55083.582	13117.539	-39796.812	-80935.836	-9811.72	11448.861	-1069.4929	-32785.61	180.0	180.0	969999	-50065.723	7138.067	-38629.055	-70857.24	-50065.72	7137.98	-38346.363	-70707.32	49626.258	149451.56	6812.868328094482
195	-55938.59	12440.251	-40227.168	-80444.99	-5682.5225	4658.2817	233.66942	-14130.351	180.0	180.0	974999	-50005.0	7163.625	-38229.625	-71192.24	-50004.984	7163.5127	-37958.066	-70943.83	49564.53	153001.44	6849.879668951035
196	-57908.965	16756.758	-37527.844	-86493.37	-4963.4644	2347.352	-955.2382	-7681.8438	180.0	180.0	979999	-49961.332	7190.1426	-38267.793	-71591.17	-49961.31	7190.0396	-38314.22	-71519.516	49522.465	152888.06	6885.015527009964
197	-52865.133	11177.384	-40032.973	-77857.086	-3768.5513	1617.8258	-1405.5607	-7087.038	180.0	180.0	984999	-49898.6	7216.6997	-38395.273	-72640.61	-49898.598	7216.598	-38191.5	-72302.734	49458.887	157330.28	6920.297086954117
198	-61693.043	14607.618	-41752.62	-88517.0	-5248.768	1782.0417	-2876.0066	-7896.442	180.0	180.0	989999	-49840.465	7239.5415	-38332.95	-72275.586	-49840.52	7239.4316	-38308.18	-72397.25	49403.28	154567.39	6955.332029104233
199	-59496.957	14035.689	-43291.297	-84887.836	-9774.229	8468.067	-480.09488	-22272.023	180.0	180.0	994999	-49812.81	7261.9614	-37721.9	-72708.04	-49812.805	7261.8936	-37508.37	-72058.75	49376.75	152802.05	6990.382171869278
200	-58952.438	15565.295	-42340.016	-88010.7	-3591.765	2500.1072	303.6489	-7346.7065	180.0	180.0	999999	-49773.594	7271.402	-37978.996	-72270.51	-49773.586	7271.2915	-37768.87	-72617.81	49334.54	152137.47	7025.512485980988
