Epoch	AverageEpRet	StdEpRet	MaxEpRet	MinEpRet	AverageTestEpRet	StdTestEpRet	MaxTestEpRet	MinTestEpRet	EpLen	TestEpLen	TotalEnvInteracts	AverageQ1Vals	StdQ1Vals	MaxQ1Vals	MinQ1Vals	AverageQ2Vals	StdQ2Vals	MaxQ2Vals	MinQ2Vals	LossPi	LossQ	Time
1	-169419.73	27213.777	-123552.836	-220402.56	-219937.45	18670.963	-185592.22	-246387.08	180.0	180.0	4999	-1608.8236	821.39703	413.46362	-6896.4453	-1607.747	822.3627	18.527096	-6867.602	738.8777	107673.19	24.92596197128296
2	-166995.0	25794.178	-127432.125	-210710.53	-193516.55	26219.668	-159859.66	-247231.2	180.0	180.0	9999	-1179.7554	903.12946	767.24554	-7323.295	-1179.7213	903.1347	755.43384	-7295.2725	191.38274	32871.3	56.11231207847595
3	-176823.73	26254.97	-118103.13	-219067.14	-208414.88	24533.797	-174188.72	-244535.17	180.0	180.0	14999	-889.90015	628.8719	1615.3708	-6661.277	-889.8902	628.88715	1608.3624	-6629.593	-89.17466	26042.19	87.07382202148438
4	-159181.77	23906.066	-121878.914	-205897.25	-193051.78	25125.77	-159358.39	-246428.2	180.0	180.0	19999	-755.16296	627.4989	2541.5527	-4910.6787	-755.16846	627.51154	2502.7415	-4943.2573	-213.20786	22870.084	118.39089012145996
5	-168236.33	24922.324	-121902.02	-217036.39	-209946.9	30201.52	-162085.53	-245946.2	180.0	180.0	24999	-703.0017	723.0587	3173.6252	-3685.7542	-702.99976	723.0814	3164.5022	-3634.7805	-263.9755	22439.543	149.62306904792786
6	-167062.53	24756.697	-124857.88	-212595.67	-205572.67	21759.13	-169168.4	-231075.73	180.0	180.0	29999	-655.9363	795.28406	3504.3057	-3256.383	-655.9198	795.31146	3562.273	-3295.3635	-315.0124	23605.846	180.84382915496826
7	-180768.0	24586.824	-133929.12	-218486.34	-211865.2	25843.594	-162840.08	-246409.45	180.0	180.0	34999	-644.975	834.0198	3643.6482	-3327.7227	-644.95715	834.0434	3695.451	-3354.528	-331.40897	24210.111	212.10486316680908
8	-163993.5	28097.842	-124400.41	-212733.02	-202752.8	17794.098	-170790.67	-233722.66	180.0	180.0	39999	-654.6355	858.23804	3700.016	-3320.2493	-654.6319	858.2547	3751.598	-3318.1038	-324.64642	25115.49	243.4535779953003
9	-169979.02	27593.703	-130631.445	-213712.08	-189214.97	19034.969	-160896.42	-219666.73	180.0	180.0	44999	-672.9578	871.7398	3628.8977	-3220.7996	-672.949	871.75867	3668.6487	-3259.3384	-307.79044	25562.246	274.8999559879303
10	-171760.73	25579.242	-124425.38	-209199.25	-192501.45	24942.727	-161203.75	-242137.86	180.0	180.0	49999	-715.3191	883.8494	3570.625	-3201.6606	-715.3088	883.87006	3613.87	-3225.0732	-268.77737	26173.605	306.3089768886566
11	-170675.0	26524.037	-129290.67	-216777.11	-206973.2	31573.414	-162472.39	-249015.88	180.0	180.0	54999	-842.09094	920.60474	3506.8462	-3151.0044	-842.0561	920.6282	3521.657	-3160.34	-166.87247	32859.508	337.6718690395355
12	-163634.28	22526.787	-129135.26	-214969.55	-202058.08	22828.244	-166662.69	-242561.22	180.0	180.0	59999	-1184.9799	1059.9095	3465.9507	-3512.745	-1184.8512	1059.9703	3507.6206	-3502.504	142.18253	60265.37	369.04767417907715
13	-166498.16	26116.244	-121700.0	-219539.39	-207474.11	27363.295	-168352.34	-241315.9	180.0	180.0	64999	-1872.6552	1355.4424	3404.0264	-4516.645	-1872.4845	1355.497	3481.5527	-4512.3047	779.7077	142062.05	402.9828391075134
14	-172287.64	27964.979	-121491.16	-214406.77	-201063.05	21769.846	-165100.8	-231839.16	180.0	180.0	69999	-2913.6907	1832.3928	3414.6797	-5753.9688	-2913.5017	1832.4642	3479.857	-5701.1426	1773.4988	279185.9	436.3762471675873
15	-171705.03	21503.326	-131962.81	-214670.12	-214412.08	19685.059	-179360.27	-235829.52	180.0	180.0	74999	-4428.3613	2520.2876	3700.5698	-8570.881	-4428.2666	2520.3335	3732.214	-8538.09	3274.8772	436093.34	469.6880261898041
16	-175951.58	28222.467	-123495.836	-215604.58	-209483.47	31136.17	-160340.66	-247689.95	180.0	180.0	79999	-6420.0977	3402.342	4118.2266	-12431.943	-6420.094	3402.255	4136.8447	-12398.813	5264.8184	588541.56	502.87566590309143
17	-171769.3	28896.707	-133140.69	-217197.44	-200778.88	18667.857	-174811.66	-226638.27	180.0	180.0	84999	-8758.873	4424.7	4704.648	-16948.354	-8758.843	4424.6685	4753.322	-16931.996	7579.7646	746635.2	536.6478369235992
18	-174121.98	24655.066	-126145.43	-213147.98	-203955.4	18784.25	-164438.9	-229195.45	180.0	180.0	89999	-11136.822	5426.649	4939.6704	-20973.422	-11136.777	5426.685	4854.2695	-20955.855	9920.411	905152.3	571.1996800899506
19	-160848.53	26250.22	-124244.555	-216082.72	-198072.5	32958.5	-161004.84	-246303.16	180.0	180.0	94999	-13388.551	6332.394	5010.6797	-24155.611	-13388.539	6332.3535	5052.588	-24127.209	12151.432	985823.44	604.0123631954193
20	-164062.62	27725.38	-127033.02	-214894.33	-203874.12	28495.291	-160470.58	-235774.55	180.0	180.0	99999	-15294.782	7083.1055	5204.264	-27471.336	-15294.821	7083.0317	5342.808	-27392.242	14022.967	1101932.8	635.7606451511383
21	-120825.18	21734.514	-94219.13	-171375.62	-209674.98	25268.178	-163716.64	-246236.48	180.0	180.0	104999	-18147.129	8629.637	5311.9585	-42294.78	-18146.828	8630.447	5419.6143	-42730.223	17301.656	1105140.9	668.6140050888062
22	-115039.58	19151.55	-91621.06	-151483.38	-199143.66	18753.025	-171170.97	-229516.44	180.0	180.0	109999	-24628.773	10740.275	3443.4329	-49364.527	-24628.986	10740.023	3529.909	-48752.285	24163.576	960422.5	701.5265128612518
23	-112684.57	19973.992	-90871.07	-156592.0	-207453.6	29694.588	-160603.84	-244748.77	180.0	180.0	114999	-31639.123	11202.917	-1005.39813	-55950.266	-31638.94	11205.121	-1646.2689	-56067.62	31261.367	1107330.5	734.5249259471893
24	-119393.89	21976.969	-92680.9	-156439.69	-186492.84	20403.91	-165396.7	-237674.3	180.0	180.0	119999	-38307.22	10761.453	-8105.2266	-65843.73	-38306.785	10763.739	-8255.083	-67062.95	37963.35	1128329.9	767.4810380935669
25	-118611.555	21743.086	-92435.41	-152987.19	-213150.5	28273.904	-160252.4	-243603.88	180.0	180.0	124999	-44349.703	10239.906	-15927.949	-72278.68	-44349.473	10241.039	-16813.51	-73827.3	44017.28	1051435.9	800.4935119152069
26	-114965.19	16566.744	-88065.45	-148116.61	-196307.58	23123.418	-165789.31	-226432.98	180.0	180.0	129999	-49700.53	9890.707	-24288.266	-77336.484	-49700.402	9891.066	-24266.93	-77729.125	49376.242	897073.56	834.2675552368164
27	-117308.336	19441.12	-91779.914	-163594.25	-201472.44	20901.205	-176638.72	-228424.47	180.0	180.0	134999	-54038.99	9726.728	-30547.676	-82780.94	-54038.797	9727.036	-30614.176	-83156.42	53643.688	802520.4	869.6093850135803
28	-129001.89	17898.277	-109650.2	-172975.3	-196973.88	26172.89	-166369.1	-236657.97	180.0	180.0	139999	-55039.19	8609.025	-27439.533	-78519.945	-55039.867	8605.663	-26866.27	-79908.91	54396.94	415493.3	902.5673720836639
29	-115804.46	12045.885	-89544.36	-154001.11	-206271.55	21981.31	-169136.03	-234075.05	180.0	180.0	144999	-55794.44	7232.843	-29212.566	-76343.32	-55794.953	7230.6064	-29042.77	-76876.25	55328.54	351697.97	935.7249789237976
30	-116550.5	12479.039	-95788.125	-143784.98	-210088.97	20708.188	-170255.27	-240824.55	180.0	180.0	149999	-56945.797	6325.246	-35008.426	-79268.79	-56946.133	6323.8584	-35054.7	-79403.9	56568.35	306675.84	971.6938738822937
31	-111565.08	8449.802	-93516.555	-128707.9	-195645.28	26475.594	-162874.81	-235174.27	180.0	180.0	154999	-58305.56	5423.216	-37453.445	-80687.49	-58305.637	5424.354	-36866.574	-80323.52	57915.496	318131.75	1007.5953421592712
32	-112641.71	6227.9614	-94933.7	-124278.305	-213864.22	22150.48	-167877.7	-246212.98	180.0	180.0	159999	-59502.246	4609.241	-39751.13	-80778.36	-59502.17	4611.8374	-39456.703	-80486.99	59120.75	349325.88	1043.6763589382172
33	-110181.94	8292.217	-89324.63	-126346.08	-198833.6	19885.125	-172560.28	-235816.02	180.0	180.0	164999	-60458.297	3695.4565	-44093.934	-80451.27	-60458.305	3697.379	-43701.465	-79854.38	60119.23	343238.56	1079.4912691116333
34	-107886.69	7868.674	-89048.26	-122771.78	-198201.14	24512.504	-167550.84	-242802.36	180.0	180.0	169999	-61307.14	2651.9595	-47609.633	-80016.6	-61306.94	2655.798	-47429.867	-79106.55	60987.727	303869.03	1115.297523021698
35	-109686.23	9047.586	-92468.83	-134389.72	-201842.67	21359.127	-169057.36	-230898.44	180.0	180.0	174999	-62504.168	2052.9377	-51987.33	-75705.89	-62504.094	2055.3838	-51967.848	-75133.41	62229.355	293854.97	1151.2923872470856
36	-104691.46	8908.925	-85168.23	-122626.74	-200624.17	26877.178	-161749.78	-247445.33	180.0	180.0	179999	-63417.1	1661.8523	-53366.406	-75634.29	-63417.15	1662.3739	-52459.973	-75353.73	63131.85	326491.2	1185.6857841014862
37	-109926.805	11029.061	-84906.664	-125032.22	-185491.7	23999.957	-137469.66	-209970.69	180.0	180.0	184999	-63620.332	1411.4545	-52486.426	-73911.43	-63620.395	1411.5264	-51563.65	-74745.445	63288.21	263780.2	1220.5746550559998
38	-105118.6	13041.373	-79106.695	-127426.15	-202961.77	29084.889	-128246.484	-229058.45	180.0	180.0	189999	-63328.355	1645.2427	-52930.117	-74395.82	-63328.453	1645.2455	-51777.668	-73902.78	63008.93	249163.31	1255.858370065689
39	-106010.68	12518.505	-79787.766	-123431.44	-190348.75	22624.81	-161098.5	-225577.6	180.0	180.0	194999	-63493.965	1962.4913	-54159.23	-81056.46	-63494.043	1963.875	-53993.523	-82258.47	63213.273	264181.16	1291.8606579303741
40	-108534.19	10891.23	-84964.35	-123288.03	-192849.31	23179.041	-148928.34	-227004.4	180.0	180.0	199999	-63989.625	2234.9888	-55937.52	-82799.02	-63989.758	2234.9504	-56055.95	-82427.16	63731.047	256294.86	1328.042997121811
41	-105352.09	10117.236	-85204.13	-120546.72	-202886.6	18911.537	-172718.2	-237006.89	180.0	180.0	204999	-64631.113	2437.5254	-52607.457	-81988.47	-64631.137	2438.6707	-52833.21	-81306.625	64391.6	283282.75	1363.7589509487152
42	-105638.75	9297.601	-84519.97	-118953.234	-206112.1	25628.037	-159491.03	-237789.08	180.0	180.0	209999	-65441.273	2331.9517	-51672.832	-80704.16	-65441.387	2332.9382	-51940.184	-80091.086	65195.098	319237.88	1399.113046169281
43	-102812.9	7295.568	-86694.125	-116147.664	-200910.97	27539.367	-159308.77	-240863.66	180.0	180.0	214999	-66120.63	2215.2854	-52059.21	-77674.53	-66120.78	2215.4917	-52661.04	-76776.52	65861.555	318294.12	1435.6289761066437
44	-109993.57	9246.308	-93528.44	-128227.16	-210598.75	15088.58	-190708.61	-229585.12	180.0	180.0	219999	-66511.52	2399.0457	-51220.457	-76748.3	-66511.54	2400.6167	-51491.17	-76368.89	66266.14	345978.0	1471.4098510742188
45	-105062.11	8017.3447	-89553.61	-121591.63	-189252.22	22216.693	-160066.25	-233468.81	180.0	180.0	224999	-66960.586	2406.656	-53030.05	-77834.336	-66960.75	2407.0872	-53239.742	-77477.95	66720.586	362446.56	1507.6644411087036
46	-102843.72	8960.666	-88584.25	-128647.22	-194095.16	20068.008	-166287.19	-237802.7	180.0	180.0	229999	-67099.8	2309.924	-56549.95	-77784.38	-67099.81	2309.999	-56815.535	-77710.16	66819.84	302705.47	1543.6364901065826
47	-97839.93	8122.6167	-79508.87	-115717.53	-192942.47	23004.688	-163069.72	-227058.39	180.0	180.0	234999	-66930.51	2394.8145	-56849.332	-76769.055	-66930.64	2395.19	-56705.47	-77332.28	66562.13	287448.44	1579.7267529964447
48	-95002.49	5891.369	-73953.46	-103072.77	-204301.44	26871.768	-166260.55	-238435.34	180.0	180.0	239999	-66053.63	2758.9817	-57236.223	-77627.71	-66053.7	2760.3276	-57173.555	-78435.43	65643.67	255436.14	1616.1476922035217
49	-104626.5	14476.745	-88434.5	-148924.95	-209135.39	22072.602	-160869.8	-236279.0	180.0	180.0	244999	-65146.875	3174.743	-56806.816	-96055.02	-65146.8	3176.261	-56777.64	-97815.25	64642.945	295719.06	1650.853553056717
50	-97458.3	13443.262	-79080.69	-140443.42	-205988.64	14676.406	-180969.9	-230488.4	180.0	180.0	249999	-63725.45	3468.2634	-53868.105	-99150.055	-63725.42	3469.8757	-54063.31	-100426.914	63213.223	288088.44	1687.225316286087
51	-92788.984	11727.65	-70308.414	-117810.51	-202145.38	34233.312	-134953.4	-237186.3	180.0	180.0	254999	-62550.42	3669.2014	-53612.645	-93053.35	-62550.42	3670.327	-53413.203	-94553.02	62086.348	261763.12	1723.593586921692
52	-93748.016	10867.642	-74165.36	-110201.49	-209853.84	24474.012	-160971.52	-240831.45	180.0	180.0	259999	-61780.074	3863.011	-53108.72	-85303.79	-61780.137	3863.384	-53406.1	-85464.22	61355.418	248878.08	1759.6806070804596
53	-92335.46	9899.948	-70860.75	-114076.43	-192467.88	23256.045	-159697.66	-225711.72	180.0	180.0	264999	-61299.72	3924.4026	-53404.35	-80417.48	-61299.785	3924.9526	-53185.445	-80495.42	60914.33	245350.3	1799.9661388397217
54	-85924.39	12251.95	-69594.55	-106653.33	-201516.0	20258.812	-166743.95	-238767.77	180.0	180.0	269999	-61174.113	4067.49	-51401.484	-78941.734	-61174.082	4068.2568	-52117.105	-78451.88	60794.523	254540.5	1836.6645641326904
55	-83300.74	11727.726	-66966.04	-113478.945	-192746.67	35609.367	-124710.79	-238107.84	180.0	180.0	274999	-60929.18	4307.5083	-51228.29	-79018.95	-60929.23	4308.182	-51678.223	-78465.984	60521.254	250824.75	1870.2221541404724
56	-82386.35	10582.466	-68302.77	-106483.68	-204596.66	24289.268	-162464.25	-237695.52	180.0	180.0	279999	-60500.547	4575.0513	-52835.906	-76813.96	-60500.62	4575.5166	-52839.91	-76540.375	60125.004	249413.06	1906.3180549144745
57	-85616.29	9552.236	-68559.87	-102240.13	-187452.53	21144.238	-159378.25	-225178.9	180.0	180.0	284999	-60184.227	4910.355	-51748.42	-77892.83	-60184.23	4910.6406	-51647.676	-78254.06	59823.457	248948.94	1942.6275992393494
58	-86017.586	12660.388	-61139.69	-110518.31	-203712.84	21968.365	-169681.6	-238807.33	180.0	180.0	289999	-59837.395	5288.0024	-50514.184	-79592.22	-59837.453	5288.29	-50514.273	-80309.9	59486.08	239765.1	1978.1407680511475
59	-76643.99	14232.927	-58596.207	-104518.72	-180643.95	35275.855	-99084.41	-235154.25	180.0	180.0	294999	-59469.05	5644.69	-49539.61	-79338.49	-59469.13	5644.899	-49524.945	-80368.15	59113.992	246794.86	2013.389671087265
60	-77496.15	16028.554	-56678.582	-109670.336	-166598.33	50465.773	-88660.836	-218343.75	180.0	180.0	299999	-58980.453	5948.1606	-48564.203	-79384.3	-58980.5	5948.616	-48590.336	-79702.8	58575.28	240113.72	2049.2960290908813
61	-80590.42	16072.687	-55319.047	-107315.32	-191682.31	40269.617	-85000.1	-222623.47	180.0	180.0	304999	-58167.504	6264.872	-47429.46	-79103.12	-58167.53	6265.2344	-47621.56	-78352.1	57735.09	229437.08	2084.277671098709
62	-76562.39	15264.605	-57840.688	-112657.86	-191899.84	22141.205	-160494.78	-231995.58	180.0	180.0	309999	-57318.81	6553.704	-46482.89	-76983.0	-57318.83	6554.222	-46677.08	-77369.93	56897.703	233332.14	2118.9109230041504
63	-79839.805	16941.992	-57318.156	-106256.62	-171264.53	48529.547	-74340.38	-214148.0	180.0	180.0	314999	-56593.24	6795.7485	-45579.71	-75393.1	-56593.297	6796.01	-45674.348	-75357.76	56179.57	232559.56	2152.9843080043793
64	-69006.445	19493.775	-43605.043	-105998.78	-198878.98	32793.438	-122351.64	-230658.58	180.0	180.0	319999	-55811.848	7127.08	-44099.875	-75137.766	-55811.84	7127.4956	-44243.5	-75424.664	55384.69	232984.38	2187.0300710201263
65	-76919.68	17194.379	-46677.016	-106037.945	-216832.62	20592.053	-167341.05	-244210.84	180.0	180.0	324999	-54872.86	7506.643	-42614.88	-75139.74	-54872.82	7506.984	-42682.707	-75270.01	54451.598	241165.52	2222.0757892131805
66	-65112.117	16910.275	-42345.605	-92736.9	-141135.47	44818.254	-45369.19	-183753.33	180.0	180.0	329999	-54005.7	7768.0913	-41564.47	-75140.98	-54005.7	7768.209	-41674.66	-74687.94	53576.676	228969.73	2256.4370079040527
67	-66085.86	19232.455	-34225.598	-99437.11	-111694.484	62730.453	-29583.572	-179164.36	180.0	180.0	334999	-53146.473	7852.103	-40712.46	-74670.0	-53146.445	7852.2637	-40882.05	-74832.93	52684.76	227645.19	2291.5043861865997
68	-57354.7	19698.752	-33477.64	-97439.36	-39988.266	24076.68	-13327.129	-75472.22	180.0	180.0	339999	-52334.695	7865.668	-39899.523	-74716.64	-52334.688	7865.7847	-40103.184	-75227.77	51849.105	221644.03	2326.6308522224426
69	-51397.195	21907.26	-27820.49	-98525.25	-25773.094	26538.676	-4236.053	-69232.88	180.0	180.0	344999	-51530.477	7866.216	-39241.215	-74775.72	-51530.426	7866.297	-39361.734	-74810.75	51048.47	210806.56	2362.2789289951324
70	-48889.78	20137.502	-25772.414	-96044.5	-24667.84	23110.662	-4628.6846	-75631.21	180.0	180.0	349999	-50800.3	7910.4785	-38406.074	-77160.48	-50800.3	7910.5034	-38523.125	-77601.58	50310.94	203156.56	2398.4555678367615
71	-50665.715	21356.938	-21691.102	-92095.87	-23052.377	27031.621	-3986.2947	-97093.914	180.0	180.0	354999	-50122.367	7998.259	-37563.656	-78210.33	-50122.336	7998.242	-37655.242	-78580.79	49633.297	201223.48	2433.746924161911
72	-43936.613	18820.014	-21802.041	-84055.445	-32707.084	32031.166	-4483.2085	-89084.734	180.0	180.0	359999	-49519.062	8154.421	-36658.48	-77948.33	-49519.113	8154.382	-36667.36	-77991.66	49023.41	201484.8	2469.4672729969025
73	-43696.17	23063.686	-18331.871	-96141.42	-8726.544	8663.378	-102.77776	-25171.6	180.0	180.0	364999	-48961.49	8359.361	-35792.07	-77323.95	-48961.477	8359.344	-35843.816	-78019.875	48464.062	200083.66	2504.728933095932
74	-42797.82	24916.19	-16400.531	-89949.76	-22554.49	23803.06	1952.4141	-59719.34	180.0	180.0	369999	-48460.05	8592.194	-35013.152	-77117.44	-48460.055	8592.269	-34957.973	-76626.68	47961.383	199036.92	2539.3371951580048
75	-47275.777	21622.385	-19853.68	-92896.52	-24682.055	26412.17	904.5125	-74440.57	180.0	180.0	374999	-47962.297	8792.3955	-34299.77	-75838.46	-47962.3	8792.468	-34267.24	-76207.63	47461.02	202085.77	2574.4524879455566
76	-43307.285	18075.172	-21393.848	-89334.51	-21689.303	21672.828	1164.0455	-52153.895	180.0	180.0	379999	-47570.207	8953.192	-33737.617	-74802.06	-47570.246	8953.278	-33740.91	-74683.44	47071.707	203377.3	2610.1888682842255
77	-44075.867	18291.66	-20312.55	-87245.95	-38040.633	38983.035	1382.6927	-107909.914	180.0	180.0	384999	-47226.26	9073.946	-33260.527	-73459.71	-47226.246	9074.007	-33346.383	-73596.664	46726.49	210476.62	2645.0096940994263
78	-39952.395	21098.207	-22084.031	-83769.734	-27066.475	22201.355	748.1403	-51177.98	180.0	180.0	389999	-46946.57	9164.095	-32981.266	-72551.85	-46946.613	9164.2	-33027.68	-72170.336	46448.99	210622.06	2680.3938710689545
79	-45140.82	21733.951	-21422.445	-94929.875	-30297.115	26295.607	1718.8856	-85912.67	180.0	180.0	394999	-46722.56	9254.461	-32572.611	-71564.98	-46722.637	9254.5	-32692.633	-71348.945	46219.848	211574.02	2715.140421152115
80	-44301.426	16348.947	-23281.92	-83113.29	-43352.555	30904.477	-1950.5951	-86001.01	180.0	180.0	399999	-46528.81	9344.162	-28710.186	-71435.29	-46528.805	9344.213	-28471.793	-71012.31	46007.477	223730.12	2748.950429916382
81	-78165.914	26532.99	-44377.984	-141365.5	-76583.06	8932.895	-64577.184	-94658.75	180.0	180.0	404999	-45845.484	9596.41	-23218.79	-70444.945	-45845.473	9596.842	-25506.402	-70653.62	45285.035	262560.06	2783.9608421325684
82	-51410.746	17332.947	-27089.44	-83911.53	-71194.25	2536.741	-67518.78	-76196.88	180.0	180.0	409999	-45235.34	9647.966	-26253.97	-70028.125	-45235.38	9648.195	-25986.365	-70328.195	44712.56	252659.97	2818.72225522995
83	-47359.867	19483.135	-20560.834	-81407.445	-16889.025	18246.414	3864.3481	-44107.207	180.0	180.0	414999	-45369.812	9518.535	-28512.016	-69991.734	-45369.785	9518.729	-28151.271	-70013.26	44891.027	236755.08	2853.3139259815216
84	-37838.65	18158.543	-16132.272	-72985.42	-23632.066	16331.345	699.81946	-48187.695	180.0	180.0	419999	-45653.426	9513.524	-30448.771	-71925.25	-45653.406	9513.737	-30750.332	-71823.72	45173.07	231899.11	2887.396189928055
85	-39547.95	18873.055	-16555.473	-78042.51	-26742.354	21171.5	1075.2397	-59488.066	180.0	180.0	424999	-45804.773	9572.889	-29849.363	-72349.89	-45804.785	9573.082	-30505.52	-72708.57	45316.41	228700.27	2921.490066051483
86	-48715.027	20942.71	-19813.22	-82000.33	-27620.871	15503.396	3186.7102	-44992.35	180.0	180.0	429999	-45887.215	9656.901	-30029.422	-71970.74	-45887.195	9657.059	-30196.145	-72841.67	45402.68	223073.52	2955.525420188904
87	-43570.5	17106.477	-20352.254	-82912.21	-10664.055	16965.088	2609.5903	-42017.098	180.0	180.0	434999	-45895.18	9703.222	-31031.768	-71194.22	-45895.12	9703.39	-30690.71	-71449.875	45409.297	222702.2	2989.5844180583954
88	-43998.97	19296.947	-15278.448	-79115.24	-21377.582	22265.635	2758.991	-53375.12	180.0	180.0	439999	-45844.363	9753.963	-30725.701	-70244.96	-45844.348	9754.122	-30795.402	-70415.7	45363.832	226922.3	3023.838390111923
89	-47086.934	16961.746	-16025.295	-76154.04	-11117.909	14485.294	4204.545	-36028.8	180.0	180.0	444999	-45822.465	9798.139	-30571.896	-69794.48	-45822.46	9798.215	-30679.738	-69854.7	45344.637	220815.33	3058.0314362049103
90	-47904.07	18119.291	-18860.023	-77261.6	-24012.328	19227.992	1426.272	-61152.07	180.0	180.0	449999	-45826.63	9821.763	-30595.482	-70094.836	-45826.652	9821.865	-30595.316	-69947.52	45350.258	237526.42	3092.0868051052094
91	-46347.2	18198.441	-20377.016	-78721.79	-4175.8667	12805.28	4513.968	-40853.094	180.0	180.0	454999	-45817.34	9820.125	-30596.71	-69383.43	-45817.293	9820.217	-30629.256	-69200.29	45338.668	236067.36	3125.8953940868378
92	-44506.926	16659.727	-17750.531	-72120.76	-11246.745	11668.333	3370.492	-31414.451	180.0	180.0	459999	-45795.09	9795.854	-30516.213	-69359.055	-45795.05	9795.919	-30630.473	-69176.08	45319.23	229045.97	3160.173052072525
93	-41571.918	15908.785	-17574.074	-79141.81	-10724.868	14649.465	4284.7207	-44272.84	180.0	180.0	464999	-45809.105	9770.145	-30384.037	-69366.086	-45809.066	9770.219	-30636.914	-69094.35	45329.17	229531.8	3194.58651804924
94	-47126.03	16099.479	-21704.377	-78809.22	-12347.637	10469.2295	4185.892	-27476.63	180.0	180.0	469999	-45842.883	9734.927	-30052.508	-69391.06	-45842.875	9734.989	-30440.742	-69009.91	45362.79	227820.55	3228.7510120868683
95	-46773.14	16831.014	-19559.977	-77345.12	-6715.1846	11970.792	3521.6165	-29478.621	180.0	180.0	474999	-45875.434	9688.86	-30354.443	-69209.766	-45875.406	9688.909	-30479.361	-68769.09	45402.426	222804.94	3263.0977070331573
96	-42315.574	18433.469	-21920.75	-76924.23	-11003.011	10809.272	2867.3572	-24215.494	180.0	180.0	479999	-45950.266	9660.188	-30377.463	-69309.67	-45950.266	9660.248	-30639.531	-68763.64	45472.535	227467.06	3297.545261144638
97	-47713.055	16713.822	-22185.893	-76665.44	-4222.13	10205.027	4040.627	-28728.824	180.0	180.0	484999	-46012.406	9612.173	-30706.266	-69350.67	-46012.434	9612.22	-30693.316	-68716.87	45533.18	238245.73	3331.3748149871826
98	-44602.973	16130.349	-21453.62	-74299.37	-15865.342	11799.582	2244.3303	-32181.164	180.0	180.0	489999	-46095.68	9545.795	-30788.514	-69355.92	-46095.668	9545.795	-30871.129	-68840.31	45622.098	226327.75	3363.8408949375153
99	-42868.75	18471.326	-18756.05	-79838.234	-1304.1648	6210.056	4204.7075	-17037.705	180.0	180.0	494999	-46190.125	9487.628	-31195.352	-69210.984	-46190.11	9487.609	-31104.17	-68653.26	45707.992	219730.94	3396.2576830387115
100	-45337.965	16970.08	-23997.031	-75748.82	-5531.421	7431.709	2602.2659	-18871.377	180.0	180.0	499999	-46276.992	9446.968	-30925.55	-69171.3	-46277.004	9446.993	-31183.176	-68479.55	45809.883	224940.95	3428.6528000831604
101	-43403.84	14170.99	-21100.154	-67249.57	-2286.701	6688.6367	2999.5696	-16846.676	180.0	180.0	504999	-46385.016	9397.344	-31103.723	-69147.42	-46384.984	9397.291	-31353.418	-68578.47	45911.062	215894.98	3461.0660860538483
102	-47748.1	17516.807	-23356.49	-76607.72	-9769.696	12560.561	2401.7422	-34597.727	180.0	180.0	509999	-46479.477	9348.134	-31457.598	-68851.29	-46479.47	9348.125	-31439.645	-68270.555	46007.098	216533.9	3493.677801132202
103	-41452.566	16855.31	-23138.238	-77196.3	-12630.641	13243.261	3041.2766	-31324.992	180.0	180.0	514999	-46554.57	9304.204	-31014.92	-68947.695	-46554.633	9304.171	-30963.053	-68642.57	46096.027	217820.56	3526.262377977371
104	-47542.73	17382.592	-22826.607	-75057.266	-3655.189	8356.011	3352.8323	-22857.182	180.0	180.0	519999	-46622.824	9255.892	-31517.139	-68703.91	-46622.777	9255.862	-31478.697	-68258.42	46157.883	215972.0	3558.8098151683807
105	-39350.344	12986.984	-23208.643	-69571.84	-21115.389	16533.0	3961.1462	-37152.438	180.0	180.0	524999	-46671.973	9220.078	-31640.752	-68400.58	-46672.03	9220.116	-30986.82	-68390.13	46197.766	225506.38	3591.5309410095215
106	-43384.855	16368.078	-20564.637	-76132.01	-9843.106	13994.6455	2363.4602	-35099.12	180.0	180.0	529999	-46728.46	9179.992	-31291.799	-68228.086	-46728.44	9179.92	-31387.48	-68735.336	46262.797	212642.69	3624.2411510944366
107	-43770.15	14121.468	-20370.674	-71584.445	-13884.653	15379.089	2958.0542	-33451.707	180.0	180.0	534999	-46792.79	9136.04	-31633.768	-68236.83	-46792.855	9135.919	-31445.799	-68763.17	46324.25	212784.8	3656.950927257538
108	-41077.676	13991.298	-21491.44	-75269.69	-10884.712	13980.656	3421.2727	-33237.32	180.0	180.0	539999	-46845.586	9098.649	-31314.37	-68558.13	-46845.55	9098.603	-31273.385	-68942.45	46382.223	219167.19	3689.7231030464172
109	-39271.734	15628.064	-20639.408	-75223.96	-6806.043	13654.267	3805.9438	-36214.55	180.0	180.0	544999	-46899.33	9076.913	-31166.584	-68293.21	-46899.332	9076.864	-31303.736	-68585.586	46430.773	222864.52	3722.547553062439
110	-40183.465	13662.384	-20894.328	-67629.445	-9212.082	14568.06	4326.229	-35309.48	180.0	180.0	549999	-46947.23	9065.597	-31162.44	-68479.266	-46947.242	9065.499	-30870.416	-68453.375	46477.195	214745.6	3755.5432472229004
111	-43410.754	16139.872	-21042.188	-77774.18	-1672.0042	5970.663	4411.383	-16442.057	180.0	180.0	554999	-47020.227	9061.734	-31222.828	-68208.45	-47020.246	9061.688	-31204.389	-68528.65	46561.9	214176.3	3788.3818740844727
112	-37712.793	11768.093	-22859.012	-73073.32	-5419.124	9977.573	3342.51	-29341.885	180.0	180.0	559999	-47101.547	9064.685	-31317.4	-68235.32	-47101.562	9064.611	-31143.986	-68595.016	46638.49	215202.2	3821.3031549453735
113	-39090.426	12347.012	-23454.422	-69954.984	-2313.0354	8672.596	3932.0193	-26609.959	180.0	180.0	564999	-47180.29	9052.273	-30957.543	-68527.73	-47180.258	9052.189	-31107.371	-68341.74	46722.08	218209.08	3854.2467300891876
114	-43812.582	18062.549	-21896.754	-77025.41	-4762.5425	11541.198	2211.5513	-31629.156	180.0	180.0	569999	-47260.844	9055.481	-30543.467	-69784.18	-47260.816	9055.388	-30680.31	-68355.77	46800.816	216759.61	3887.1953139305115
115	-41170.125	15307.564	-24895.713	-72150.8	-4738.8726	7832.5146	4381.3945	-23418.693	180.0	180.0	574999	-47337.48	9058.132	-30573.62	-68343.46	-47337.547	9058.057	-30632.977	-68140.375	46882.742	220460.98	3920.229439020157
116	-42306.883	12883.996	-22652.357	-71907.03	-6633.214	9256.511	2961.1128	-25575.01	180.0	180.0	579999	-47433.04	9055.364	-30205.945	-68458.45	-47433.035	9055.299	-30539.436	-68234.82	46977.203	214341.14	3953.223562002182
117	-44639.664	14364.997	-23206.707	-75486.72	-8558.56	11636.694	5416.4805	-25499.559	180.0	180.0	584999	-47581.785	9038.203	-30351.746	-67841.266	-47581.797	9038.176	-30345.684	-67977.836	47122.285	213889.95	3986.2404141426086
118	-46731.27	15059.311	-22889.451	-78435.02	-9021.826	14212.448	5218.6274	-30950.84	180.0	180.0	589999	-47739.695	9027.306	-30200.227	-68290.195	-47739.71	9027.244	-30210.771	-68669.15	47286.348	221010.45	4019.330862045288
119	-47591.902	16281.332	-23870.512	-76356.9	-12597.427	9206.376	652.77423	-25523.93	180.0	180.0	594999	-47897.812	9013.295	-30359.164	-68445.43	-47897.79	9013.271	-30501.617	-69311.38	47443.977	222118.7	4052.437464237213
120	-45830.527	13630.695	-28124.068	-75062.1	-14456.346	16332.613	5120.465	-35539.668	180.0	180.0	599999	-48042.844	8987.086	-29977.783	-68409.414	-48042.87	8987.027	-30104.53	-69133.016	47591.785	218285.36	4085.498291015625
121	-44107.28	12180.507	-26506.438	-74116.22	-8877.932	11059.624	3421.512	-32793.64	180.0	180.0	604999	-48198.28	8950.967	-29753.549	-68233.09	-48198.316	8950.956	-29782.668	-68231.03	47753.12	210376.17	4118.707015991211
122	-44399.97	14486.325	-26934.53	-73918.19	-14256.734	11755.353	-621.8632	-31658.973	180.0	180.0	609999	-48332.727	8910.39	-29886.338	-68445.48	-48332.75	8910.383	-30006.998	-68426.77	47879.9	218474.75	4151.889464139938
123	-42840.395	11040.389	-25179.23	-70514.25	-16708.973	14386.598	4061.7678	-32047.277	180.0	180.0	614999	-48481.668	8872.812	-29727.932	-68316.62	-48481.67	8872.7705	-30441.72	-68248.16	48041.07	212435.44	4186.023900985718
124	-39391.41	11231.92	-24474.285	-64417.066	-4115.4336	8999.039	4075.185	-23808.543	180.0	180.0	619999	-48590.504	8832.824	-30223.033	-68335.555	-48590.51	8832.803	-29893.797	-68658.56	48150.344	206248.38	4221.775700092316
125	-48330.973	14728.764	-30032.02	-72921.26	-3553.6958	8949.438	5266.0474	-21996.172	180.0	180.0	624999	-48715.137	8795.364	-30510.562	-68219.51	-48715.15	8795.3125	-30766.512	-68421.61	48272.684	211222.78	4257.083610296249
126	-47289.85	13384.786	-27710.62	-73212.02	-10637.305	12193.783	4838.7456	-29675.93	180.0	180.0	629999	-48852.508	8766.091	-30770.262	-68195.79	-48852.516	8766.065	-30955.547	-68410.79	48413.42	212375.27	4292.635994195938
127	-47115.41	15189.958	-30132.342	-75640.38	-7917.3047	11063.117	5379.3867	-30761.697	180.0	180.0	634999	-48982.28	8729.245	-31379.645	-68234.0	-48982.258	8729.25	-31471.531	-68465.07	48543.26	212252.42	4328.406615018845
128	-41893.902	12020.874	-26712.115	-71501.31	-5756.227	10788.537	4937.39	-28853.014	180.0	180.0	639999	-49098.28	8707.613	-31499.283	-68815.19	-49098.25	8707.615	-31295.68	-68485.82	48661.938	207504.36	4364.389893293381
129	-45943.965	11501.7295	-30518.271	-64814.695	-8307.453	12488.803	5287.525	-31624.41	180.0	180.0	644999	-49181.164	8683.026	-31541.994	-68767.484	-49181.16	8682.988	-31681.2	-68630.766	48748.51	210574.48	4400.445664167404
130	-41667.875	11401.482	-25064.85	-67919.664	-2965.8374	8979.017	2455.1782	-29552.824	180.0	180.0	649999	-49248.906	8668.109	-31834.887	-68732.12	-49248.875	8668.069	-31868.602	-68617.375	48813.34	208278.55	4437.11460518837
131	-43501.547	14087.197	-24128.854	-77242.016	-7325.3447	12612.226	5134.3296	-29933.404	180.0	180.0	654999	-49297.957	8689.296	-31575.986	-69140.12	-49298.008	8689.27	-31779.195	-69152.67	48853.957	212830.28	4473.0797300338745
132	-45527.434	12874.013	-25705.545	-72427.95	-6972.2485	9551.692	3129.5479	-25266.242	180.0	180.0	659999	-49335.94	8726.456	-32139.738	-68851.13	-49335.973	8726.449	-32311.318	-68719.65	48901.176	213395.5	4509.238909006119
133	-42255.8	13411.694	-26358.7	-75596.266	-5415.885	9748.135	4871.4355	-24988.379	180.0	180.0	664999	-49374.668	8786.963	-32317.543	-68605.88	-49374.65	8786.935	-32606.166	-68584.5	48946.203	207231.33	4545.54593706131
134	-47283.527	16821.496	-23673.969	-79769.164	-3131.0784	9176.281	5006.2754	-29028.33	180.0	180.0	669999	-49408.883	8853.642	-32215.209	-68783.3	-49408.883	8853.628	-32524.184	-68841.04	48973.824	205893.98	4583.783785104752
135	-50900.68	16219.806	-26149.553	-78730.22	-6766.253	8795.951	3105.9558	-26205.451	180.0	180.0	674999	-49458.2	8926.585	-32629.02	-68960.375	-49458.184	8926.533	-32729.943	-69366.3	49028.297	215971.97	4620.881287097931
136	-47277.242	15445.911	-26768.701	-74677.87	-7800.8057	12341.162	4234.1104	-27227.68	180.0	180.0	679999	-49518.125	8991.834	-32765.176	-69280.15	-49518.13	8991.8	-32906.79	-68596.86	49081.547	209763.92	4657.205538034439
137	-49269.195	14577.148	-26604.492	-80674.24	-5528.5693	7921.656	3674.7876	-18279.588	180.0	180.0	684999	-49582.32	9045.776	-32631.887	-68167.336	-49582.312	9045.77	-32894.906	-68405.6	49146.54	206746.9	4694.106085300446
138	-44761.816	14261.836	-27654.621	-75133.695	-5895.784	10110.977	4724.403	-26591.246	180.0	180.0	689999	-49635.066	9098.089	-33267.406	-68301.5	-49635.07	9098.063	-33273.754	-68238.63	49210.395	215261.75	4730.1952068805695
139	-48620.12	16857.488	-25421.84	-80687.914	-1903.7067	7451.217	4379.697	-22550.572	180.0	180.0	694999	-49699.277	9156.818	-32865.75	-68423.875	-49699.223	9156.802	-33171.395	-68598.67	49261.895	221612.19	4768.0220720767975
140	-49336.22	15999.208	-28079.123	-78635.62	-3884.6685	5706.8896	3246.8005	-15001.574	180.0	180.0	699999	-49761.03	9210.719	-33246.87	-68741.516	-49761.035	9210.689	-33506.67	-68566.03	49330.73	216541.23	4807.017446041107
141	-48297.582	15845.966	-28594.033	-78027.234	-3246.2415	5265.82	2457.1567	-11997.228	180.0	180.0	704999	-49834.01	9255.736	-33001.664	-68890.86	-49834.035	9255.687	-33181.81	-69162.41	49397.73	217073.72	4843.775506019592
142	-44733.29	12277.879	-29318.146	-72482.39	-12006.153	10817.477	3796.0334	-26203.953	180.0	180.0	709999	-49886.74	9289.091	-32854.45	-68685.88	-49886.715	9289.107	-32723.338	-69442.31	49444.04	217649.16	4880.9861052036285
143	-48430.824	14728.563	-27070.193	-80218.45	-3051.8975	7550.314	3817.3767	-23093.795	180.0	180.0	714999	-49971.383	9312.085	-33004.938	-68751.375	-49971.375	9312.046	-33162.527	-69068.54	49523.336	208673.33	4917.773111104965
144	-49322.633	12775.908	-32561.121	-79373.83	-649.629	4757.4194	5039.155	-9914.822	180.0	180.0	719999	-50084.867	9323.238	-33189.066	-68879.914	-50084.844	9323.208	-33124.543	-69068.89	49643.688	211182.23	4954.635014057159
145	-48963.957	12221.582	-32202.082	-78059.24	-2795.9558	5955.7603	3378.8967	-16770.37	180.0	180.0	724999	-50191.965	9303.19	-32921.848	-68905.984	-50191.973	9303.123	-33072.008	-68894.06	49758.324	217280.52	4991.365830898285
146	-46377.676	14292.313	-26125.805	-75408.71	-2768.3606	6913.474	4283.677	-22095.605	180.0	180.0	729999	-50305.99	9308.091	-32813.047	-68837.484	-50306.01	9308.048	-32984.56	-69037.65	49863.21	214818.92	5028.880281209946
147	-48246.16	14511.207	-32100.918	-77308.62	-2969.1733	6322.003	3153.0317	-19904.156	180.0	180.0	734999	-50380.258	9313.839	-32705.316	-68853.25	-50380.297	9313.773	-32829.758	-69070.12	49944.863	221759.84	5066.502031087875
148	-54277.477	12741.233	-30607.34	-80409.62	-5451.661	10344.127	4184.5996	-21664.295	180.0	180.0	739999	-50462.258	9335.007	-32550.07	-69033.91	-50462.22	9334.968	-32884.17	-69067.766	50023.973	225263.72	5104.145621061325
149	-45417.797	14283.195	-26920.322	-78755.46	-8628.373	9610.562	1923.6478	-24359.953	180.0	180.0	744999	-50536.18	9361.618	-32599.95	-69227.05	-50536.188	9361.612	-32744.105	-69402.38	50096.38	215907.48	5140.772421121597
150	-45869.777	12072.433	-27589.94	-74781.266	-4364.6284	7096.885	3407.8013	-23652.475	180.0	180.0	749999	-50565.105	9420.942	-32714.66	-69278.734	-50565.094	9420.876	-32947.75	-69346.195	50127.797	220048.12	5177.220440149307
151	-44582.457	17739.479	-24458.422	-76663.07	-6304.4683	7962.255	1643.9224	-23425.34	180.0	180.0	754999	-50560.703	9489.957	-32461.227	-69273.83	-50560.69	9489.928	-32956.625	-69072.43	50124.93	213603.22	5213.761807918549
152	-46313.16	14425.441	-29042.398	-74878.29	-5981.2134	7724.357	3877.9163	-23765.94	180.0	180.0	759999	-50567.01	9551.148	-32201.145	-69477.6	-50567.008	9551.158	-32575.768	-69769.99	50136.938	219013.53	5250.30313706398
153	-49061.746	14125.752	-30984.492	-77218.35	-2814.8057	5932.244	3763.0403	-19109.504	180.0	180.0	764999	-50595.586	9535.125	-32008.615	-70199.336	-50595.527	9535.138	-32317.738	-69691.6	50150.188	226299.3	5287.140799045563
154	-45486.797	13849.701	-29550.98	-77338.08	-3572.2996	6753.853	2646.326	-18281.537	180.0	180.0	769999	-50649.82	9495.924	-31948.307	-70213.32	-50649.848	9495.894	-32625.049	-70076.695	50207.67	214000.75	5324.042458295822
155	-47493.836	12215.043	-30311.76	-77602.46	-1037.6018	3942.9026	4391.7007	-8177.993	180.0	180.0	774999	-50718.785	9432.129	-32240.652	-70403.18	-50718.816	9432.143	-32842.242	-70426.484	50285.89	214904.83	5360.561313152313
156	-49177.305	13849.189	-31707.555	-78946.766	-3681.2485	6655.454	3902.734	-14296.71	180.0	180.0	779999	-50778.05	9365.12	-32905.605	-70448.83	-50778.047	9365.128	-32863.7	-70295.484	50342.004	214806.02	5397.076569080353
157	-51829.977	15096.209	-32533.82	-80930.02	-4714.142	8610.981	2943.1345	-24202.87	180.0	180.0	784999	-50850.082	9296.905	-32947.074	-69364.13	-50850.09	9296.908	-33127.19	-69628.23	50412.54	213763.5	5433.940289020538
158	-43203.785	16043.126	-20499.205	-82158.95	-6881.1562	9756.152	3542.58	-24057.277	180.0	180.0	789999	-50882.727	9296.484	-33473.285	-70036.26	-50882.7	9296.471	-33541.387	-70236.48	50451.83	214594.02	5470.617161989212
159	-51021.715	18454.432	-21026.725	-82716.88	-6726.371	8167.866	2738.0786	-23501.203	180.0	180.0	794999	-50842.27	9406.02	-33761.82	-69852.7	-50842.266	9405.981	-33773.637	-69376.305	50408.848	220560.39	5507.427450180054
160	-48391.87	18566.725	-18517.777	-79146.32	-5853.3916	5497.1245	-618.0309	-19379.05	180.0	180.0	799999	-50782.02	9537.084	-33374.746	-70133.73	-50782.0	9537.056	-33326.902	-70324.59	50345.492	215453.7	5544.185449123383
161	-53984.12	20852.955	-22034.426	-81492.6	-6137.318	6288.696	141.40646	-19465.94	180.0	180.0	804999	-50706.03	9689.302	-32907.098	-71219.055	-50705.996	9689.239	-32929.53	-70633.41	50264.53	215611.44	5580.614307165146
162	-49499.74	17010.787	-26585.494	-81965.15	-2627.9604	6644.3813	4616.8203	-15280.992	180.0	180.0	809999	-50626.03	9791.178	-32775.89	-71102.56	-50626.027	9791.108	-32804.9	-70803.37	50182.695	216747.06	5617.42813706398
163	-49411.094	14581.008	-25144.406	-76237.61	-1970.7109	6684.4917	4533.2793	-20559.768	180.0	180.0	814999	-50634.2	9825.029	-32584.555	-70851.7	-50634.23	9824.957	-32766.555	-70383.31	50196.62	221408.52	5654.2271139621735
164	-45249.18	15333.764	-27020.94	-74707.695	-2397.7083	6517.364	4535.6772	-16172.254	180.0	180.0	819999	-50635.2	9857.1875	-32827.305	-70528.51	-50635.15	9857.158	-32879.887	-70127.42	50201.473	229767.17	5691.212990999222
165	-47708.934	13656.762	-26026.303	-83039.19	-3258.1816	5225.5195	1226.8645	-17399.578	180.0	180.0	824999	-50653.188	9885.335	-32543.578	-70881.15	-50653.203	9885.242	-32588.496	-70943.445	50222.203	225553.2	5728.170397043228
166	-48973.48	15229.618	-26778.686	-79062.46	-77.22683	5381.394	4448.091	-13153.015	180.0	180.0	829999	-50650.723	9895.135	-32222.223	-71565.33	-50650.684	9895.079	-32632.105	-71207.484	50217.633	227961.6	5765.179843187332
167	-50332.754	14488.529	-24002.367	-81768.34	-3552.5698	5922.358	3026.955	-16731.766	180.0	180.0	834999	-50680.85	9891.753	-32538.902	-71768.28	-50680.863	9891.684	-32384.225	-72033.71	50247.684	223705.83	5802.248821973801
168	-51805.945	16188.953	-26508.787	-78627.12	-3278.0552	4990.2026	1214.1683	-13965.676	180.0	180.0	839999	-50673.45	9901.982	-32461.996	-72647.65	-50673.47	9901.912	-32522.945	-72113.36	50235.656	226532.61	5839.225101232529
169	-46191.254	15758.381	-25980.74	-71526.24	-5477.295	6507.1475	4130.978	-19698.006	180.0	180.0	844999	-50657.508	9898.934	-32401.113	-73313.76	-50657.508	9898.86	-32388.99	-72437.21	50226.926	224825.1	5877.053951025009
170	-47186.34	17305.771	-23250.125	-77766.88	-846.6107	6132.184	5269.9307	-12784.548	180.0	180.0	849999	-50615.29	9903.076	-32618.693	-73460.34	-50615.285	9903.027	-32476.318	-73087.85	50174.77	220432.44	5913.86620593071
171	-51304.44	16816.291	-28136.992	-84280.195	-4132.293	8367.562	4405.62	-19220.395	180.0	180.0	854999	-50572.562	9901.085	-32713.365	-73478.71	-50572.52	9901.056	-32527.611	-73383.02	50134.707	226162.17	5950.838311910629
172	-51827.324	16177.069	-25638.078	-85115.69	-401.856	2894.7883	4718.134	-3617.9397	180.0	180.0	859999	-50546.52	9878.698	-32589.594	-74710.984	-50546.52	9878.639	-32569.902	-73598.42	50109.03	221998.83	5987.8442549705505
173	-48153.305	14282.277	-26792.777	-75693.0	-1372.6221	6181.955	3902.4895	-15547.49	180.0	180.0	864999	-50494.297	9850.581	-32632.252	-74748.27	-50494.28	9850.534	-32615.191	-74578.15	50062.344	214826.38	6024.907346010208
174	-46140.832	15729.9795	-28266.99	-84662.28	-2667.8496	8153.727	4437.6104	-15479.829	180.0	180.0	869999	-50363.883	9824.307	-32797.52	-74418.24	-50363.906	9824.264	-32532.527	-74366.51	49935.598	214792.83	6062.0391318798065
175	-46956.535	15628.729	-27454.197	-84592.84	-1912.7402	5926.218	4662.384	-14918.549	180.0	180.0	874999	-50290.78	9786.551	-32466.992	-73915.164	-50290.816	9786.513	-32492.273	-73908.266	49858.004	214555.98	6098.970955133438
176	-47278.53	14306.669	-29253.004	-88118.61	-4966.9097	6172.295	4227.5166	-15111.233	180.0	180.0	879999	-50198.832	9753.186	-32334.535	-73776.086	-50198.812	9753.135	-32497.314	-73602.53	49765.2	209569.97	6135.915939092636
177	-50123.754	15230.165	-27431.477	-80797.11	320.08057	3169.0137	3874.2585	-6776.674	180.0	180.0	884999	-50113.32	9722.25	-31863.287	-72437.62	-50113.312	9722.185	-31986.395	-72454.6	49693.03	211373.3	6173.098420143127
178	-46119.27	12140.546	-29912.639	-74993.05	-2411.5405	3581.1475	4902.0063	-10731.472	180.0	180.0	889999	-50016.047	9681.272	-31243.17	-71080.32	-50016.113	9681.237	-31291.111	-71071.06	49593.395	208784.0	6210.818241119385
179	-50286.54	13239.487	-29687.354	-77805.86	-2736.163	3571.403	1585.4362	-10573.807	180.0	180.0	894999	-49925.65	9654.848	-31505.188	-70921.75	-49925.645	9654.781	-31686.379	-70398.195	49505.508	202760.86	6247.814539194107
180	-46398.227	14896.65	-27115.12	-84099.14	-2777.728	5356.9062	4741.2026	-14936.135	180.0	180.0	899999	-49848.793	9621.34	-31681.768	-70191.33	-49848.777	9621.309	-31757.764	-70516.18	49415.76	216761.52	6284.90154504776
181	-49462.08	15834.796	-28380.906	-83613.3	-5857.8296	6326.493	4156.9756	-15084.269	180.0	180.0	904999	-49743.758	9597.529	-32205.518	-70719.49	-49743.73	9597.48	-32433.137	-70953.0	49313.832	204496.52	6321.9357261657715
182	-47935.24	14950.427	-28398.402	-81407.24	601.94354	2335.586	4531.6807	-1434.7463	180.0	180.0	909999	-49644.914	9578.157	-32838.742	-71817.44	-49644.938	9578.1045	-32553.402	-71246.51	49216.684	209007.44	6358.790616035461
183	-49253.055	15075.345	-29275.414	-87024.64	399.28607	4423.3506	4705.037	-8191.166	180.0	180.0	914999	-49548.426	9570.451	-32795.688	-72031.44	-49548.434	9570.41	-32623.248	-71624.09	49123.43	198745.25	6396.109373092651
184	-47583.99	13967.191	-27699.156	-76529.28	1272.0127	2487.1738	4852.7803	-4016.1929	180.0	180.0	919999	-49454.484	9557.292	-32920.93	-72112.64	-49454.496	9557.244	-32591.201	-72114.17	49027.566	204956.12	6433.28781914711
185	-46814.4	12886.942	-30506.057	-75392.37	968.09357	2976.026	4723.342	-5307.577	180.0	180.0	924999	-49380.086	9506.588	-32455.297	-71895.914	-49380.086	9506.537	-32386.598	-71797.96	48957.54	194250.56	6470.419048070908
186	-46790.254	17336.72	-28901.396	-84003.71	907.292	4979.475	4630.294	-13027.594	180.0	180.0	929999	-49294.32	9460.791	-32161.086	-71127.67	-49294.336	9460.701	-32178.625	-71193.85	48862.266	193730.3	6507.705009937286
187	-49720.254	14822.405	-30654.512	-86210.72	-4536.669	5951.3647	4135.0356	-14125.442	180.0	180.0	934999	-49200.2	9419.995	-32448.592	-70683.195	-49200.266	9419.958	-32425.535	-71289.73	48765.562	196684.31	6544.941038131714
188	-50091.395	11467.984	-27572.582	-82714.7	-519.4287	4316.919	4191.0767	-8219.17	180.0	180.0	939999	-49100.773	9360.206	-32765.44	-70359.625	-49100.773	9360.175	-32887.734	-70755.57	48673.902	195719.02	6581.764403104782
189	-57045.207	18273.281	-31140.293	-85787.62	-476.3129	4207.5796	4564.0474	-10890.666	180.0	180.0	944999	-48984.848	9325.553	-32878.82	-70603.16	-48984.848	9325.498	-33108.293	-70838.27	48555.066	189466.8	6620.671470165253
190	-53404.3	16453.244	-31438.72	-87465.62	1758.7094	2408.848	4564.6733	-2586.742	180.0	180.0	949999	-48822.152	9303.842	-33422.1	-70732.44	-48822.19	9303.86	-33325.004	-70754.57	48390.24	185721.83	6658.2515070438385
191	-60037.74	25029.604	-28434.498	-119010.695	-98582.61	100113.766	2342.9106	-210412.95	180.0	180.0	954999	-48656.8	9249.189	-33133.297	-70113.24	-48656.83	9249.195	-33300.98	-70056.38	48224.355	190282.78	6695.662495136261
192	-72316.96	28257.287	-33740.17	-126799.32	-37332.984	49183.793	3766.7173	-123947.77	180.0	180.0	959999	-48352.69	8982.814	-32991.707	-70042.53	-48352.652	8982.609	-33247.28	-70315.21	47887.242	219554.61	6732.746057987213
193	-61097.23	18466.584	-34758.383	-110373.41	-4602.762	18039.39	3339.4963	-57364.582	180.0	180.0	964999	-48221.316	8853.277	-32981.215	-72483.805	-48221.28	8853.252	-32581.35	-72331.59	47765.73	236557.72	6769.903403043747
194	-51926.953	13959.477	-33298.91	-81478.17	-4692.6904	9950.204	5041.7603	-22530.057	180.0	180.0	969999	-48392.28	8985.874	-32716.922	-75200.484	-48392.348	8985.933	-33141.6	-74439.93	47953.734	206811.89	6807.389666080475
195	-51578.465	14301.582	-31571.936	-81075.53	-1473.4536	6290.861	4229.857	-13422.123	180.0	180.0	974999	-48470.64	9105.214	-33377.977	-75186.6	-48470.598	9105.236	-33395.832	-74249.66	48037.504	192566.1	6844.696101903915
196	-52635.63	20022.797	-27310.707	-85240.76	303.94968	2624.9106	5122.0005	-3464.3408	180.0	180.0	979999	-48480.54	9129.824	-33084.902	-74969.88	-48480.54	9129.845	-33192.723	-74746.12	48051.67	186531.84	6882.460093975067
197	-47420.63	14975.488	-25568.902	-78021.92	869.92206	3661.249	4687.7207	-5132.547	180.0	180.0	984999	-48413.832	9131.51	-33061.477	-77626.07	-48413.836	9131.566	-33017.676	-77914.48	47984.81	194484.56	6920.244879961014
198	-58093.93	15767.436	-30280.852	-87253.555	1192.135	2623.2178	3911.009	-4748.4546	180.0	180.0	989999	-48319.516	9117.984	-33199.945	-78232.46	-48319.504	9118.034	-33137.72	-78421.54	47889.887	183152.28	6957.859847068787
199	-53490.246	17881.805	-28969.852	-84575.64	-3464.0872	6386.039	3591.7483	-13342.177	180.0	180.0	994999	-48233.43	9096.585	-33074.25	-76573.484	-48233.383	9096.606	-33052.54	-76503.93	47804.57	173843.89	6995.331227064133
200	-55074.938	17490.662	-31257.963	-88010.68	1315.402	3137.6467	4474.3154	-3243.2512	180.0	180.0	999999	-48092.727	9085.017	-32933.33	-75543.46	-48092.727	9085.026	-32956.11	-75469.07	47662.105	170436.92	7033.009716033936
