Epoch	AverageEpRet	StdEpRet	MaxEpRet	MinEpRet	AverageTestEpRet	StdTestEpRet	MaxTestEpRet	MinTestEpRet	EpLen	TestEpLen	TotalEnvInteracts	AverageQ1Vals	StdQ1Vals	MaxQ1Vals	MinQ1Vals	AverageQ2Vals	StdQ2Vals	MaxQ2Vals	MinQ2Vals	LossPi	LossQ	Time
1	-20221.889	3137.9358	-13858.333	-27450.65	-8301.869	2719.4658	-3401.9973	-11403.735	20.0	20.0	4999	-1236.5332	418.02637	192.85208	-2981.9065	-1237.3911	416.7677	191.48721	-2957.6885	252.24068	97775.195	22.054965019226074
2	-20004.145	3197.6567	-12430.643	-28087.756	-4439.0444	985.55347	-2678.8926	-6295.748	20.0	20.0	9999	-702.80194	543.1626	1186.9891	-2787.4941	-702.7697	543.17456	1133.4598	-2773.921	-376.25497	26221.18	48.328530073165894
3	-19932.53	3410.9512	-12049.203	-27823.648	-6372.9756	3120.495	-2037.4446	-11611.462	20.0	20.0	14999	-365.7767	670.1536	1574.7949	-2732.1719	-365.77554	670.1407	1568.2065	-2700.247	-693.999	21786.22	75.52947306632996
4	-19994.771	3143.1125	-12663.47	-26651.08	-7732.297	3006.5647	-2392.6238	-11810.928	20.0	20.0	19999	-250.27023	712.37805	1812.0033	-2733.243	-250.26593	712.3679	1771.1676	-2708.021	-799.879	20501.041	101.8969841003418
5	-19961.543	3334.2593	-12557.509	-27625.49	-6457.8604	3352.0913	-2025.1033	-10183.2705	20.0	20.0	24999	-230.56158	727.3709	1887.8228	-2701.9382	-230.55743	727.36334	1856.3884	-2677.2363	-821.36444	21098.326	128.88758301734924
6	-20023.129	3210.4429	-11678.702	-27364.982	-7443.896	2790.3594	-3150.7615	-11802.741	20.0	20.0	29999	-232.24474	726.382	1939.5428	-2676.8877	-232.24277	726.38293	1902.8893	-2654.1326	-815.576	21282.078	155.91567301750183
7	-19835.896	3151.9753	-11091.038	-27264.482	-5923.8135	2064.101	-2133.562	-9711.655	20.0	20.0	34999	-272.95917	703.7269	1927.5673	-2640.607	-272.95584	703.7253	1886.7144	-2644.2153	-774.33936	20930.89	182.3041889667511
8	-19938.068	3359.0198	-12118.435	-28723.533	-7498.6772	2836.8398	-2966.079	-11559.773	20.0	20.0	39999	-352.26633	665.3608	1916.3455	-2638.446	-352.26556	665.3526	1875.9305	-2636.8289	-693.4333	20600.365	209.4381880760193
9	-19692.664	3135.2192	-12154.608	-26469.719	-7298.8516	2231.2705	-4066.9033	-11811.841	20.0	20.0	44999	-470.23236	609.59436	1764.7245	-2660.7778	-470.24527	609.59503	1736.2761	-2656.4407	-576.09143	20351.28	236.56516098976135
10	-19463.668	3113.253	-12099.731	-28369.219	-7889.3115	2533.3577	-3670.3481	-11614.255	20.0	20.0	49999	-568.22003	565.96436	1671.95	-2678.018	-568.2319	565.9673	1656.4514	-2689.1729	-476.88925	20744.48	303.7641589641571
11	-19829.482	3221.533	-12141.717	-28556.086	-6505.6904	2131.275	-4434.8364	-11534.788	20.0	20.0	54999	-668.1159	523.51483	1505.5571	-2685.6426	-668.131	523.51904	1477.9437	-2690.7556	-378.3658	20272.244	333.23498797416687
12	-20094.219	3138.5933	-11631.557	-26734.627	-7262.751	2934.9995	-3863.7458	-11918.419	20.0	20.0	59999	-874.56396	462.30276	1346.2578	-2803.8162	-874.5768	462.3149	1333.9268	-2856.0288	-192.04657	20165.885	361.16104197502136
13	-20405.773	3175.9985	-12110.929	-27127.92	-6660.426	3044.0706	-2584.4016	-11347.823	20.0	20.0	64999	-1254.2504	429.06686	998.0143	-2935.8752	-1254.2596	429.0903	980.56635	-2940.381	169.27052	20557.35	388.8961338996887
14	-20154.564	3297.0498	-13066.596	-27392.994	-7653.199	2535.1838	-4129.1587	-11830.285	20.0	20.0	69999	-1860.6375	623.44507	454.84402	-4574.41	-1860.6162	623.61383	478.18167	-4572.769	752.308	22802.088	416.2968420982361
15	-19965.895	3416.474	-12596.234	-27324.094	-5893.8955	2152.2827	-2307.123	-9043.511	20.0	20.0	74999	-2800.153	1155.8671	40.401012	-6971.024	-2800.0935	1156.1008	114.3694	-6949.056	1648.8337	32835.832	443.5894432067871
16	-19978.271	3296.0703	-12334.567	-27660.156	-8110.6494	2821.2432	-3202.0437	-11432.529	20.0	20.0	79999	-4033.2378	1885.9469	-430.44992	-9738.873	-4033.1345	1886.2352	-401.77432	-9738.358	2821.233	49295.957	540.9558348655701
17	-19800.691	3310.853	-11934.167	-28116.283	-5926.071	2879.0967	-2029.9148	-10979.912	20.0	20.0	84999	-5442.967	2694.3857	-615.8373	-12623.075	-5442.8833	2694.6182	-574.37836	-12604.506	4193.7554	62739.246	2196.6386601924896
18	-19874.26	3357.744	-11801.564	-28466.143	-7099.999	3375.0764	-3153.0781	-11813.977	20.0	20.0	89999	-6786.6743	3469.951	-766.16986	-15249.338	-6786.6094	3470.1394	-699.7647	-15304.786	5514.3374	72205.03	2227.8582978248596
19	-19699.303	3207.5056	-12215.78	-29112.25	-6739.846	3167.441	-2491.279	-11578.243	20.0	20.0	94999	-7957.1904	4162.7046	-925.97894	-17527.17	-7957.105	4162.883	-805.9474	-17545.422	6673.5186	82143.16	2258.8918669223785
20	-19937.7	3344.7463	-12706.632	-27341.324	-7553.0947	3296.1316	-2965.5586	-11058.015	20.0	20.0	99999	-8949.371	4748.0215	-1091.7018	-19433.555	-8949.329	4748.16	-1000.38684	-19388.78	7654.699	96322.75	2286.1946618556976
21	-4606.428	2266.2695	-1654.0845	-9919.714	-7056.643	2456.0781	-3082.0244	-10711.887	20.0	20.0	104999	-10204.411	5336.535	-844.36414	-22079.47	-10204.544	5336.5166	-922.5621	-22097.496	9090.633	84108.2	2314.74613404274
22	-4537.218	2164.9558	-1706.2968	-9362.868	-6316.452	1987.3921	-3459.4656	-9848.089	20.0	20.0	109999	-12036.134	5794.4673	-1743.3672	-24570.871	-12036.066	5794.773	-1910.6781	-24695.486	11230.568	69152.195	2343.116343021393
23	-4616.478	2222.7007	-1710.8982	-9262.093	-5185.404	1353.9789	-2336.5698	-6758.6455	20.0	20.0	114999	-13736.514	6170.401	-3212.792	-27147.803	-13736.559	6170.363	-3189.648	-27128.11	13014.062	73514.88	2371.421075105667
24	-4545.086	2293.9392	-1563.1844	-9307.274	-6799.029	2841.2654	-1982.2091	-11951.871	20.0	20.0	119999	-15240.865	6485.3843	-4496.1133	-29417.135	-15240.882	6485.363	-4504.3374	-29427.82	14565.501	76768.375	2399.734435081482
25	-4496.71	2215.47	-1782.5687	-9341.044	-7946.659	2781.962	-2393.14	-11671.251	20.0	20.0	124999	-16567.625	6763.453	-5734.2515	-31338.102	-16567.674	6763.34	-5732.637	-31330.947	15925.533	78942.08	2428.1471049785614
26	-4708.415	2217.07	-1817.6854	-9431.327	-7463.1963	2030.8873	-3879.0088	-9742.952	20.0	20.0	129999	-17769.996	7007.52	-6953.481	-33120.133	-17770.053	7007.3745	-6993.057	-33103.863	17160.158	82081.46	2456.5649030208588
27	-4506.089	2071.828	-1654.2563	-9129.267	-7658.9673	2359.4631	-4005.9795	-11498.252	20.0	20.0	134999	-18845.377	7212.1787	-8025.3716	-34493.184	-18845.434	7212.0503	-8016.8345	-34468.863	18259.094	83837.82	2485.056168079376
28	-4334.1177	2182.2627	-1843.0221	-9955.675	-6240.874	2940.6396	-1966.4745	-11360.25	20.0	20.0	139999	-19755.732	7374.1255	-8951.472	-35898.66	-19755.746	7374.0825	-8939.218	-35885.402	19186.541	85716.94	2513.6173310279846
29	-4589.382	2264.6218	-1627.3851	-9677.701	-5393.8896	2937.807	-1967.0367	-11912.656	20.0	20.0	144999	-20548.598	7534.188	-9752.607	-36903.785	-20548.64	7534.0757	-9727.056	-36849.42	20008.803	86305.38	2542.2781751155853
30	-4845.523	2289.461	-1646.0026	-9330.481	-6695.146	3036.4646	-2555.376	-10899.868	20.0	20.0	149999	-21257.559	7682.55	-10471.844	-37950.96	-21257.605	7682.4014	-10476.118	-37957.03	20733.473	90113.445	2570.7876291275024
31	-4856.538	2330.523	-1663.7292	-9466.151	-7632.5117	2881.9526	-3161.6917	-11729.393	20.0	20.0	154999	-21912.182	7826.6387	-11121.285	-38963.047	-21912.217	7826.4736	-11102.25	-38965.758	21410.795	92689.84	2599.2909140586853
32	-4654.071	2294.0286	-1789.4893	-9467.669	-6669.3735	2502.863	-2721.638	-11236.771	20.0	20.0	159999	-22465.305	7955.068	-11658.293	-39657.785	-22465.363	7954.889	-11624.551	-39655.418	21969.447	95285.234	2627.9378011226654
33	-4301.164	2052.7737	-1747.3318	-9182.8955	-5526.573	2893.8657	-1966.002	-10934.029	20.0	20.0	164999	-22889.023	8056.081	-12138.49	-40384.36	-22889.139	8055.6934	-12119.38	-40391.004	22417.775	89800.43	2656.3377118110657
34	-4382.6504	2206.2668	-1587.2303	-9435.999	-6302.2764	2716.8418	-2494.7092	-10855.328	20.0	20.0	169999	-23234.693	8137.6924	-12512.659	-40975.125	-23234.852	8137.247	-12496.558	-40945.117	22780.047	87307.55	2684.8469140529633
35	-4512.88	2267.5483	-1660.319	-9346.51	-6707.8164	2798.0654	-2479.43	-9571.418	20.0	20.0	174999	-23541.242	8207.167	-12838.616	-41499.816	-23541.352	8206.797	-12855.216	-41488.465	23095.082	91507.21	2713.3367199897766
36	-4539.0083	2302.1035	-1585.5143	-9316.865	-6533.28	3229.263	-2211.5002	-11267.937	20.0	20.0	179999	-23797.844	8274.618	-13125.437	-41785.0	-23797.975	8274.286	-13149.167	-41755.47	23362.773	88852.49	2741.820667028427
37	-4716.029	2262.651	-1818.1978	-9328.429	-6486.6533	2131.0925	-3797.7178	-9757.418	20.0	20.0	184999	-24017.047	8331.87	-13369.141	-42129.527	-24017.12	8331.638	-13382.909	-42116.508	23599.81	90661.836	2770.4186141490936
38	-4589.824	2227.804	-1878.7336	-9480.329	-5999.2715	1865.4872	-2703.4438	-8938.631	20.0	20.0	189999	-24179.914	8370.4795	-13568.806	-42442.84	-24179.977	8370.3125	-13568.997	-42421.055	23775.494	99714.35	2799.2400579452515
39	-4584.0713	2197.3047	-1587.3253	-9432.14	-7732.16	3612.0452	-2489.3586	-11810.975	20.0	20.0	194999	-24314.312	8399.75	-13760.555	-42593.156	-24314.35	8399.622	-13749.181	-42587.93	23913.496	103712.5	2827.5838479995728
40	-4396.48	2258.4658	-1744.9276	-9375.615	-8132.706	3244.5737	-2331.7556	-11475.332	20.0	20.0	199999	-24400.746	8422.998	-13917.517	-42771.87	-24400.746	8422.982	-13889.318	-42744.56	24013.363	98192.71	2856.030404806137
41	-4474.4287	2179.9983	-1733.3011	-9203.094	-7862.323	2134.4285	-4345.2095	-11612.896	20.0	20.0	204999	-24468.664	8449.292	-14005.269	-43009.062	-24468.67	8449.283	-13994.302	-43003.76	24094.688	102653.11	2884.249436855316
42	-4484.771	2248.5193	-1544.5857	-9330.522	-6071.665	3275.2346	-2140.881	-11543.261	20.0	20.0	209999	-24504.957	8463.155	-14083.715	-43055.16	-24504.934	8463.205	-14091.327	-43058.594	24141.34	96553.164	2912.5686211586
43	-4585.555	2207.7112	-1678.2618	-9832.995	-7620.7876	2472.7974	-3824.2969	-11925.746	20.0	20.0	214999	-24555.52	8485.958	-14167.241	-43087.598	-24555.484	8486.006	-14167.671	-43072.723	24195.475	92042.06	2941.6273090839386
44	-4346.8657	2073.232	-1786.0018	-9191.187	-7251.7993	2552.2324	-2782.5757	-10454.151	20.0	20.0	219999	-24554.674	8478.296	-14228.1455	-43218.07	-24554.654	8478.353	-14241.37	-43218.18	24212.217	93116.3	2969.736474275589
45	-4689.741	2278.226	-1612.8494	-9496.497	-6703.6514	3109.8691	-2888.2947	-11364.493	20.0	20.0	224999	-24553.576	8476.562	-14284.509	-43243.094	-24553.541	8476.601	-14295.675	-43262.375	24211.959	103681.49	2999.1358499526978
46	-4528.7905	2173.865	-1717.796	-9525.405	-7636.858	2198.9194	-4048.7537	-11398.213	20.0	20.0	229999	-24559.654	8473.326	-14456.793	-43210.21	-24559.629	8473.37	-14421.209	-43214.625	24237.445	93675.875	3028.28324508667
47	-4485.1924	2083.7012	-1601.3387	-9644.78	-6173.586	2434.7554	-2026.6906	-10944.189	20.0	20.0	234999	-24536.82	8469.237	-14551.755	-43318.883	-24536.828	8469.29	-14526.625	-43317.91	24213.855	90470.555	3062.41428399086
48	-4780.833	2290.954	-1743.8478	-9479.733	-6957.8657	2107.4722	-1979.0988	-9167.974	20.0	20.0	239999	-24522.367	8468.8	-14581.599	-43248.16	-24522.346	8468.847	-14557.57	-43254.8	24208.27	90790.51	3092.030704021454
49	-4438.588	2234.8464	-1640.883	-9375.309	-5845.292	2409.1685	-1974.339	-10162.67	20.0	20.0	244999	-24490.611	8469.589	-14591.591	-43239.34	-24490.562	8469.716	-14599.499	-43226.418	24181.244	87108.62	3121.545081138611
50	-4670.445	2214.2368	-1757.805	-9250.458	-7890.663	2796.7278	-3540.0286	-11643.091	20.0	20.0	249999	-24448.678	8471.733	-14629.391	-43203.477	-24448.643	8471.823	-14603.642	-43198.418	24148.16	86376.766	3151.2035121917725
51	-4460.657	2150.3008	-1686.5465	-9147.747	-5411.8677	2090.8762	-2280.8425	-8426.957	20.0	20.0	254999	-24402.719	8464.694	-14639.278	-43208.688	-24402.688	8464.82	-14586.464	-43216.03	24103.25	90566.58	3180.5367159843445
52	-4626.997	2257.567	-1599.8822	-9486.642	-7369.831	2511.6606	-3368.2104	-11755.975	20.0	20.0	259999	-24361.955	8467.716	-14622.251	-43145.82	-24361.926	8467.833	-14598.001	-43155.688	24070.166	84870.98	3210.058249950409
53	-4498.021	2311.3972	-1741.1185	-9443.49	-6955.1406	3054.5688	-2215.639	-11001.161	20.0	20.0	264999	-24315.217	8466.587	-14627.152	-43149.574	-24315.154	8466.739	-14589.028	-43159.156	24030.066	88030.27	3239.45370388031
54	-4669.5635	2275.489	-1761.4373	-9469.458	-4424.832	2410.983	-2688.622	-10110.206	20.0	20.0	269999	-24279.416	8470.675	-14598.427	-43101.535	-24279.365	8470.774	-14574.834	-43110.156	23994.783	85578.664	3268.828716993332
55	-4324.034	2127.0122	-1693.4988	-9246.524	-6208.0454	2956.453	-2431.3618	-11267.485	20.0	20.0	274999	-24244.602	8464.591	-14590.664	-43086.266	-24244.598	8464.638	-14568.683	-43110.76	23969.123	89932.586	3298.273152112961
56	-4448.9565	2172.6123	-1611.4487	-9768.355	-7333.311	2817.538	-2215.3948	-11524.02	20.0	20.0	279999	-24191.664	8447.827	-14598.076	-43037.45	-24191.67	8447.859	-14579.313	-43044.445	23919.807	86471.95	3326.9076499938965
57	-4468.342	2256.7402	-1609.4143	-9503.986	-6180.987	3549.1248	-2007.2528	-11815.731	20.0	20.0	284999	-24154.164	8433.519	-14604.939	-43029.715	-24154.143	8433.585	-14594.175	-43028.938	23889.465	88154.19	3355.7041878700256
58	-4669.3433	2300.0894	-1554.8546	-9330.948	-6031.141	1722.5219	-3678.686	-8521.3125	20.0	20.0	289999	-24115.348	8418.03	-14573.556	-43031.55	-24115.303	8418.101	-14567.209	-43010.68	23861.14	87204.51	3384.586256980896
59	-4663.211	2250.5447	-1701.0267	-9281.442	-6537.213	2862.5603	-2401.4563	-10013.211	20.0	20.0	294999	-24096.666	8404.837	-14622.278	-42949.32	-24096.639	8404.93	-14623.02	-42947.17	23848.64	90362.57	3413.1412658691406
60	-4783.0957	2268.19	-1764.085	-9387.774	-5802.9297	2828.258	-2584.6194	-11811.662	20.0	20.0	299999	-24073.527	8393.188	-14634.914	-42922.125	-24073.506	8393.282	-14641.429	-42894.562	23822.129	79795.945	3441.858102083206
61	-4699.3794	2324.6519	-1746.0078	-9286.992	-5829.103	2387.396	-2119.0085	-9925.496	20.0	20.0	304999	-24061.959	8380.644	-14630.061	-42958.895	-24061.953	8380.718	-14629.231	-42946.75	23815.113	88845.24	3470.4552431106567
62	-4444.3335	2247.6272	-1817.7684	-9610.529	-6728.19	2566.5767	-2612.7537	-9503.647	20.0	20.0	309999	-24043.025	8377.574	-14683.226	-42866.74	-24042.969	8377.691	-14670.455	-42856.6	23800.246	80584.125	3499.019126176834
63	-4575.9116	2244.4583	-1708.9594	-9514.896	-5888.825	2368.1514	-2481.5154	-10296.133	20.0	20.0	314999	-24002.188	8360.019	-14694.503	-42789.09	-24002.145	8360.11	-14692.041	-42775.98	23770.611	82695.02	3527.6332540512085
64	-4364.429	2164.0784	-1676.7776	-9737.095	-7079.296	2296.298	-2967.7021	-10693.738	20.0	20.0	319999	-23971.752	8344.955	-14704.374	-42791.74	-23971.725	8345.067	-14695.654	-42770.383	23741.695	83701.33	3556.221925020218
65	-4499.9	2286.9985	-1769.5283	-9726.136	-7550.857	2951.1282	-2168.5896	-11776.172	20.0	20.0	324999	-23936.893	8330.333	-14750.406	-42776.22	-23936.873	8330.418	-14738.166	-42750.848	23707.615	81523.02	3584.9696180820465
66	-4412.699	2218.6404	-1684.9799	-9263.699	-6575.5303	3394.137	-2384.819	-11745.812	20.0	20.0	329999	-23904.736	8315.228	-14787.669	-42732.094	-23904.682	8315.326	-14793.915	-42713.402	23681.975	80634.64	3613.61035490036
67	-4605.181	2177.627	-1679.8556	-9453.264	-6970.532	2972.202	-2130.8354	-11389.411	20.0	20.0	334999	-23880.365	8296.947	-14800.523	-42699.043	-23880.332	8297.025	-14793.99	-42704.316	23660.123	83033.71	3642.3248682022095
68	-4636.379	2276.0752	-1679.0796	-9361.8125	-6622.393	3738.8057	-2163.644	-11841.157	20.0	20.0	339999	-23876.715	8286.538	-14843.528	-42675.83	-23876.715	8286.634	-14831.778	-42657.098	23658.36	86194.88	3671.3757739067078
69	-4485.709	2260.0842	-1722.6963	-9667.365	-7101.6914	3065.9546	-2958.617	-11851.556	20.0	20.0	344999	-23847.576	8269.563	-14875.979	-42664.7	-23847.545	8269.665	-14850.633	-42653.0	23634.967	73277.94	3719.8499829769135
70	-4314.676	2120.184	-1589.8324	-8933.97	-5554.0264	3052.3718	-2345.0093	-11019.877	20.0	20.0	349999	-23835.203	8255.636	-14903.227	-42636.047	-23835.162	8255.714	-14879.932	-42617.97	23628.83	81301.36	3749.6362869739532
71	-4543.5596	2239.6677	-1627.2169	-9412.561	-7184.177	3433.569	-2056.2368	-11845.349	20.0	20.0	354999	-23818.59	8234.563	-14930.635	-42663.613	-23818.572	8234.66	-14869.105	-42662.273	23615.346	84049.06	3780.9317400455475
72	-4529.188	2353.2544	-1409.5654	-9833.47	-8662.393	2302.1167	-4412.8496	-11951.135	20.0	20.0	359999	-23812.525	8221.938	-14928.209	-42578.652	-23812.514	8221.99	-14904.487	-42575.605	23605.8	82563.09	3810.8163039684296
73	-4466.479	2165.1592	-1676.9946	-9092.91	-6898.0244	2775.5283	-2442.5347	-11194.715	20.0	20.0	364999	-23795.404	8200.294	-14956.637	-42609.117	-23795.416	8200.346	-14912.114	-42600.305	23597.258	87937.484	3840.136400938034
74	-4500.291	2238.5237	-1663.2015	-9359.187	-5865.0703	2782.0554	-2621.9336	-10481.64	20.0	20.0	369999	-23799.63	8180.2705	-14985.917	-42557.906	-23799.635	8180.333	-14931.105	-42566.52	23603.213	87528.5	3869.2701239585876
75	-4397.415	2176.1262	-1560.9622	-9139.32	-6467.8057	2448.7917	-2651.485	-10391.589	20.0	20.0	374999	-23791.09	8159.129	-14964.302	-42568.062	-23791.078	8159.1777	-14922.043	-42563.875	23594.172	82293.39	3898.3685319423676
76	-4290.9956	2159.3147	-1688.9874	-9187.863	-7370.6797	2966.9915	-3221.1865	-11647.724	20.0	20.0	379999	-23774.084	8133.2314	-14971.869	-42563.797	-23774.082	8133.266	-14916.497	-42566.105	23584.66	80445.01	3927.4470081329346
77	-4655.7017	2235.754	-1628.5018	-9279.246	-6706.6562	2816.31	-2764.4578	-10935.801	20.0	20.0	384999	-23769.87	8117.3027	-15033.498	-42544.363	-23769.879	8117.333	-15051.005	-42558.53	23576.742	80863.83	3956.904685020447
78	-4581.668	2321.9243	-1645.5277	-9341.915	-6730.082	3085.6697	-3113.332	-11720.813	20.0	20.0	389999	-23778.951	8097.211	-15065.338	-42483.145	-23778.945	8097.299	-15085.887	-42492.875	23586.479	78274.88	3986.058231115341
79	-4638.911	2335.521	-1700.5924	-9418.424	-8427.623	2366.4717	-2419.9583	-10819.28	20.0	20.0	394999	-23776.252	8073.931	-15077.458	-42462.074	-23776.227	8073.9917	-15052.813	-42444.95	23587.975	79821.086	4015.3217878341675
80	-4758.112	2313.8364	-1611.8221	-9290.69	-7223.5557	1994.2834	-4898.3857	-10126.855	20.0	20.0	399999	-23785.918	8055.161	-15091.3	-42480.723	-23785.906	8055.2144	-15007.65	-42492.37	23603.057	81836.53	4044.5169689655304
81	-4451.222	2142.0684	-1657.3878	-9200.598	-6113.761	3190.082	-2173.0137	-11661.964	20.0	20.0	404999	-23776.258	8030.728	-15125.524	-42416.637	-23776.223	8030.801	-15110.271	-42423.72	23596.809	79228.91	4073.942884206772
82	-4623.824	2226.412	-1789.4788	-9486.078	-7593.6787	2365.4949	-3621.8494	-10462.252	20.0	20.0	409999	-23763.492	8002.342	-15105.897	-42350.062	-23763.479	8002.3936	-15075.406	-42358.01	23581.873	83065.51	4103.379774093628
83	-4915.9297	2350.409	-1765.1482	-9309.94	-6189.5957	2033.6808	-3043.4983	-9537.936	20.0	20.0	414999	-23767.477	7987.9907	-15044.359	-42388.277	-23767.455	7988.0547	-15049.283	-42370.797	23593.889	76860.7	4132.5971031188965
84	-4755.645	2310.4453	-1787.3992	-9500.893	-7568.5845	2709.6143	-3307.256	-11383.706	20.0	20.0	419999	-23750.232	7968.892	-15079.263	-42283.27	-23750.215	7968.9478	-15066.441	-42302.55	23581.996	73544.945	4161.715996026993
85	-4532.076	2287.8086	-1538.05	-9578.297	-4924.204	2132.0034	-2568.0693	-9042.914	20.0	20.0	424999	-23731.697	7948.713	-15122.953	-42305.105	-23731.695	7948.7705	-15084.72	-42280.844	23565.393	72914.35	4191.055770158768
86	-4437.512	2272.7622	-1670.0459	-9660.532	-8215.781	3137.4146	-2471.7214	-11789.439	20.0	20.0	429999	-23687.54	7920.159	-15035.413	-42197.492	-23687.504	7920.226	-15036.244	-42198.42	23514.623	73653.82	4220.257579088211
87	-4506.7627	2092.583	-1699.9431	-9464.23	-5331.554	2321.4465	-2375.2463	-9397.135	20.0	20.0	434999	-23637.264	7889.7114	-15014.43	-42088.18	-23637.252	7889.7705	-15014.36	-42088.25	23476.195	74087.78	4249.314615011215
88	-4558.191	2313.555	-1783.5638	-9563.228	-7163.8306	1919.9762	-4255.404	-11584.631	20.0	20.0	439999	-23591.027	7855.3086	-14967.624	-42002.656	-23591.01	7855.395	-14958.014	-42015.36	23434.572	71134.88	4278.463515996933
89	-4673.2905	2273.319	-1664.4425	-9518.035	-8343.438	2423.8381	-3923.9941	-11696.224	20.0	20.0	444999	-23540.324	7827.2515	-14988.365	-41920.766	-23540.29	7827.307	-14969.13	-41918.984	23383.389	69663.9	4307.566917896271
90	-4523.103	2268.8801	-1715.165	-9369.825	-5954.689	3519.905	-2237.692	-11141.416	20.0	20.0	449999	-23486.328	7796.7207	-14978.554	-41784.04	-23486.326	7796.7817	-14954.475	-41789.355	23328.004	70507.15	4336.715456008911
91	-4570.493	2320.6782	-1755.5247	-9237.405	-6040.741	2251.5007	-3150.2244	-11061.95	20.0	20.0	454999	-23422.727	7759.757	-14936.707	-41674.863	-23422.719	7759.818	-14906.782	-41688.887	23270.332	71056.46	5320.327315092087
92	-4817.046	2252.8206	-1785.0963	-9466.644	-9236.44	2294.7073	-4841.239	-11565.975	20.0	20.0	459999	-23355.924	7723.44	-14891.111	-41562.395	-23355.912	7723.4937	-14852.592	-41553.242	23204.139	73749.05	5364.027544021606
93	-4558.793	2286.8567	-1718.9426	-9591.086	-7136.745	3123.6155	-2253.009	-11642.266	20.0	20.0	464999	-23295.646	7690.3965	-14835.859	-41459.42	-23295.627	7690.491	-14780.604	-41459.227	23144.852	67274.414	5396.391366958618
94	-4469.6655	2220.0742	-1634.8546	-9725.594	-6147.3237	3177.4329	-2049.9946	-10720.237	20.0	20.0	469999	-23228.178	7655.9077	-14834.131	-41392.832	-23228.12	7655.9927	-14845.52	-41413.95	23083.129	70102.164	5426.194797039032
95	-4678.4736	2280.494	-1682.6932	-9219.501	-8871.17	2389.8174	-4597.936	-11905.271	20.0	20.0	474999	-23178.195	7628.2026	-14741.789	-41249.16	-23178.164	7628.2515	-14812.726	-41248.93	23033.338	69722.305	5456.341793060303
96	-4241.044	2191.5845	-1662.1251	-9560.112	-6923.8877	3865.8083	-2097.2058	-11863.725	20.0	20.0	479999	-23106.62	7598.325	-14764.248	-41150.184	-23106.6	7598.3784	-14759.688	-41169.793	22972.582	70759.84	5486.909598112106
97	-4644.717	2209.8347	-1698.861	-9509.992	-6820.3564	2709.5227	-3193.419	-11034.764	20.0	20.0	484999	-23040.531	7570.7744	-14643.827	-41064.7	-23040.504	7570.844	-14655.164	-41080.312	22908.582	69051.21	5516.89988899231
98	-4467.038	2158.5984	-1752.3302	-9308.508	-7021.7554	2659.3198	-3477.2363	-11146.704	20.0	20.0	489999	-22966.188	7537.2427	-14716.017	-40946.984	-22966.164	7537.3115	-14680.223	-40962.434	22830.395	68425.73	5547.485813140869
99	-4849.669	2376.4805	-1685.2316	-9330.54	-7717.7188	2106.1387	-3590.2556	-11571.983	20.0	20.0	494999	-22902.598	7505.6685	-14678.197	-40841.93	-22902.574	7505.7324	-14662.107	-40858.46	22765.541	68253.234	5579.0599629879
100	-4326.889	2214.128	-1711.0134	-9151.106	-8526.358	2410.291	-3748.2227	-11483.636	20.0	20.0	499999	-22852.342	7483.7783	-14499.115	-40737.74	-22852.324	7483.8555	-14590.387	-40757.57	22725.766	64093.07	5609.832972049713
101	-4624.587	2370.1506	-1711.547	-9380.607	-6246.1904	2596.8357	-2051.5518	-10806.8545	20.0	20.0	504999	-22785.941	7456.19	-14507.629	-40632.496	-22785.914	7456.237	-14509.671	-40642.406	22655.1	67432.805	5640.155793905258
102	-4542.0654	2320.355	-1838.0906	-9358.964	-7384.8647	2584.905	-2367.1394	-11650.803	20.0	20.0	509999	-22711.56	7432.2773	-14457.525	-40522.74	-22711.512	7432.373	-14489.584	-40556.715	22584.771	66486.58	5670.651002883911
103	-4239.382	2095.19	-1549.9506	-9144.266	-6201.462	2943.9143	-2520.08	-11427.897	20.0	20.0	514999	-22630.37	7396.2114	-14482.364	-40425.0	-22630.348	7396.2744	-14481.636	-40434.1	22502.598	66876.6	5701.013864040375
104	-4455.924	2208.039	-1713.6105	-9445.083	-6030.972	2707.7065	-2687.7148	-10371.848	20.0	20.0	519999	-22571.225	7369.0083	-14363.903	-40266.395	-22571.182	7369.0815	-14353.658	-40308.117	22448.752	66130.07	5731.351134061813
105	-4709.6553	2246.5989	-1761.8923	-9198.361	-7506.1865	2856.5105	-2460.5837	-10912.617	20.0	20.0	524999	-22494.219	7334.3223	-14369.109	-40203.855	-22494.188	7334.3994	-14358.647	-40199.086	22375.781	67151.39	5761.726664066315
106	-4589.027	2233.214	-1570.3757	-9153.371	-8068.3877	1892.3872	-4603.102	-10999.623	20.0	20.0	529999	-22439.191	7304.0283	-14352.442	-40090.75	-22439.18	7304.073	-14340.045	-40113.75	22320.617	66181.13	5792.136283874512
107	-4593.705	2211.7097	-1600.5647	-9182.439	-6096.206	2843.9004	-2478.441	-11682.814	20.0	20.0	534999	-22373.1	7272.7144	-14224.848	-40021.535	-22373.06	7272.773	-14249.212	-40028.336	22252.545	65046.664	5822.564476013184
108	-4841.8413	2276.262	-1673.3931	-8859.892	-6971.1304	2464.994	-3618.095	-11819.451	20.0	20.0	539999	-22321.053	7242.7373	-14241.57	-39824.34	-22321.043	7242.8027	-14261.597	-39870.62	22210.8	65796.02	5853.133404970169
109	-4630.623	2216.6416	-1774.9095	-9093.27	-7468.288	2594.9194	-2278.5532	-10416.824	20.0	20.0	544999	-22261.633	7207.844	-14244.184	-39724.707	-22261.629	7207.8857	-14235.163	-39765.23	22148.004	65742.85	5883.648229837418
110	-4437.74	2195.0833	-1777.4921	-9498.374	-4540.036	1631.4955	-2149.3176	-7732.5317	20.0	20.0	549999	-22214.895	7186.65	-14137.348	-39688.258	-22214.854	7186.6943	-14209.564	-39693.977	22095.809	62572.79	5914.66058921814
111	-4420.34	2179.875	-1777.9691	-9234.661	-7945.8423	2163.6401	-3969.4604	-11076.539	20.0	20.0	554999	-22153.777	7157.9995	-14174.599	-39590.355	-22153.752	7158.0596	-14142.641	-39653.19	22038.55	68718.57	5945.364269018173
112	-4496.4863	2257.0374	-1775.5139	-9358.333	-7387.357	2889.5725	-2581.321	-11171.289	20.0	20.0	559999	-22103.32	7128.879	-14123.107	-39435.004	-22103.314	7128.936	-14114.512	-39453.047	21995.49	65343.887	5976.167759180069
113	-4728.413	2271.8113	-1773.1019	-9857.013	-7233.8857	3059.559	-3774.9038	-11893.543	20.0	20.0	564999	-22055.17	7099.3237	-14158.62	-39350.4	-22055.139	7099.388	-14145.768	-39379.016	21948.066	66939.664	6007.083472967148
114	-4476.3984	2117.1711	-1668.7327	-9311.839	-7160.802	3130.3574	-2077.7358	-11754.273	20.0	20.0	569999	-22013.322	7070.8413	-14095.04	-39328.176	-22013.295	7070.887	-14108.016	-39359.14	21903.672	64553.46	6037.865386962891
115	-4755.629	2225.3894	-1684.1144	-9338.767	-5610.01	3047.7458	-2096.4463	-10656.777	20.0	20.0	574999	-21982.219	7040.4487	-14079.556	-39226.875	-21982.207	7040.498	-14110.656	-39244.707	21877.748	64481.883	6068.529268980026
116	-4606.219	2203.2034	-1479.374	-9746.217	-7949.587	2640.7942	-3223.9407	-11483.061	20.0	20.0	579999	-21946.66	7016.2065	-14111.042	-39136.914	-21946.658	7016.237	-14079.576	-39158.613	21837.227	65227.34	6099.151671171188
117	-4743.301	2231.1653	-1602.4635	-9336.872	-6563.2944	3132.7324	-2540.86	-11511.985	20.0	20.0	584999	-21914.756	6986.6406	-14083.554	-39049.883	-21914.736	6986.685	-14052.842	-39089.156	21811.219	65413.633	6130.211306095123
118	-4557.647	2185.0168	-1647.864	-9380.116	-6774.354	3397.1367	-2176.6934	-11742.28	20.0	20.0	589999	-21883.281	6955.6836	-14048.809	-38936.055	-21883.285	6955.7397	-14054.341	-39008.836	21777.836	63274.664	6160.9859120845795
119	-4458.427	2223.8813	-1723.2692	-9332.691	-5686.0645	2411.8315	-2492.8367	-10065.298	20.0	20.0	594999	-21845.414	6926.8696	-14052.786	-38901.438	-21845.41	6926.8936	-13990.987	-38927.207	21751.102	63075.098	6191.7403819561005
120	-4660.991	2335.5474	-1653.4869	-9457.877	-6409.051	2580.806	-1969.1536	-9084.489	20.0	20.0	599999	-21810.379	6900.951	-14021.041	-38834.457	-21810.38	6900.9956	-14006.991	-38893.69	21714.73	63914.086	6222.605080127716
121	-4677.592	2191.4463	-1669.706	-9304.799	-6544.033	2853.3188	-2089.3755	-11675.301	20.0	20.0	604999	-21772.285	6874.8564	-14046.307	-38677.836	-21772.266	6874.906	-14062.347	-38712.305	21680.146	62771.957	6253.5255789756775
122	-4777.5786	2260.477	-1674.1412	-9131.786	-6643.835	3371.9878	-2124.444	-11900.781	20.0	20.0	609999	-21732.775	6841.8486	-14021.109	-38641.594	-21732.758	6841.8877	-14055.924	-38689.24	21632.623	62863.79	6284.229966163635
123	-4623.931	2358.244	-1616.3109	-10177.912	-6653.1743	3645.584	-1968.6744	-11742.054	20.0	20.0	614999	-21700.553	6814.2324	-14030.762	-38654.21	-21700.527	6814.2505	-14032.4	-38659.555	21607.102	58122.355	6314.909384965897
124	-4695.118	2326.7732	-1681.7091	-9592.095	-7034.0312	2134.0906	-3668.3528	-11255.507	20.0	20.0	619999	-21660.81	6793.8887	-14064.196	-38488.52	-21660.79	6793.9336	-14003.396	-38508.305	21569.496	62110.65	6345.595989942551
125	-4487.0737	2228.8298	-1764.7379	-9442.942	-7784.8555	2936.6348	-3126.6753	-11245.558	20.0	20.0	624999	-21611.62	6766.941	-14028.199	-38382.094	-21611.607	6766.993	-14019.052	-38399.902	21522.803	64017.434	6376.219138145447
126	-4636.025	2185.1543	-1700.0193	-9377.781	-5498.1514	2151.1868	-2205.876	-8716.077	20.0	20.0	629999	-21558.367	6735.89	-14032.208	-38320.35	-21558.355	6735.945	-14005.195	-38332.508	21468.0	61655.336	6407.012166023254
127	-4565.1997	2201.5781	-1702.0612	-9340.206	-6291.654	3789.394	-1987.3833	-11651.032	20.0	20.0	634999	-21498.033	6703.0854	-14021.405	-38218.246	-21498.027	6703.115	-14041.338	-38221.816	21408.633	59793.332	6437.843709945679
128	-4399.263	2244.6355	-1678.4646	-9218.898	-5691.9385	3013.883	-2798.8171	-10185.556	20.0	20.0	639999	-21433.56	6671.504	-13948.999	-38123.21	-21433.55	6671.5474	-13922.292	-38160.02	21351.012	62019.09	6468.58350110054
129	-4655.553	2282.07	-1754.8037	-9491.683	-8189.948	2646.9812	-3564.1057	-11859.4	20.0	20.0	644999	-21390.275	6641.856	-13968.183	-38048.47	-21390.262	6641.8906	-13989.549	-38065.043	21309.014	63236.59	6499.454591035843
130	-4563.3706	2153.5752	-1762.3341	-9435.83	-6746.111	3017.7441	-3317.6511	-11145.948	20.0	20.0	649999	-21337.682	6607.3745	-13963.362	-37925.21	-21337.674	6607.3955	-13957.185	-37945.938	21259.43	61478.047	6530.416432857513
131	-4570.962	2334.808	-1738.0084	-9198.888	-6255.7275	2409.4563	-3065.4858	-11276.55	20.0	20.0	654999	-21285.361	6576.5083	-13976.986	-37845.875	-21285.344	6576.557	-13943.703	-37840.145	21209.62	60618.418	6561.342111110687
132	-4584.941	2205.1543	-1623.8279	-9193.41	-6328.757	2337.4563	-2352.0876	-10333.414	20.0	20.0	659999	-21230.879	6538.2427	-13970.523	-37680.06	-21230.873	6538.268	-13972.197	-37686.055	21157.402	59806.31	6592.747848987579
133	-4632.9263	2243.0662	-1776.2308	-9503.901	-5857.907	3309.0266	-2193.0823	-11209.117	20.0	20.0	664999	-21179.684	6510.3203	-13970.312	-37556.965	-21179.682	6510.3477	-13969.862	-37553.9	21101.123	60672.574	6623.591737031937
134	-4506.407	2218.4521	-1742.3052	-8839.012	-7987.181	3182.9858	-2131.222	-11859.11	20.0	20.0	669999	-21118.06	6475.7827	-13894.297	-37475.824	-21118.055	6475.8237	-13927.778	-37486.016	21043.146	58117.566	6654.390775203705
135	-4538.255	2148.941	-1589.2323	-9426.473	-7384.482	2655.5442	-3322.9897	-11050.785	20.0	20.0	674999	-21070.951	6447.223	-13982.233	-37428.38	-21070.951	6447.2407	-13925.362	-37429.047	20999.695	59954.316	6685.238960981369
136	-4809.5957	2294.289	-1758.5419	-9462.702	-6978.103	2416.2883	-3275.4124	-10667.596	20.0	20.0	679999	-21032.182	6426.279	-13879.966	-37440.223	-21032.178	6426.3037	-13895.256	-37471.773	20960.37	60531.008	6716.2120089530945
137	-4917.1616	2301.228	-1688.3419	-9844.45	-8231.053	2999.1848	-2783.7903	-11049.441	20.0	20.0	684999	-20996.068	6402.7476	-13932.592	-37295.52	-20996.072	6402.772	-13975.791	-37299.566	20922.873	60778.56	6747.256815195084
138	-4347.202	2148.8442	-1553.245	-9358.289	-7017.339	3396.6436	-2545.149	-11905.183	20.0	20.0	689999	-20964.408	6379.518	-13958.423	-37186.15	-20964.379	6379.538	-13950.068	-37176.344	20896.895	59501.992	6780.412801980972
139	-4654.6895	2286.0623	-1658.641	-9555.427	-7064.6953	3018.7183	-2345.5483	-10939.204	20.0	20.0	694999	-20938.29	6355.2837	-13897.228	-37119.49	-20938.287	6355.2896	-13878.19	-37131.62	20862.572	58837.684	6812.3789229393005
140	-4618.654	2253.9036	-1781.6313	-9195.684	-6602.897	2643.0615	-2581.393	-10483.577	20.0	20.0	699999	-20900.285	6330.8477	-14015.079	-37101.434	-20900.287	6330.857	-14000.898	-37091.176	20829.867	56724.61	6844.722482919693
141	-4629.955	2218.0703	-1623.467	-9175.275	-8247.753	2141.0789	-4961.806	-11564.946	20.0	20.0	704999	-20874.67	6307.577	-13999.455	-37035.887	-20874.652	6307.588	-14004.62	-37023.586	20806.742	55431.887	6881.914319038391
142	-4540.8223	2282.1973	-1703.6683	-9461.034	-8045.6055	2849.1177	-2096.4956	-11779.964	20.0	20.0	709999	-20849.734	6285.0366	-14039.859	-36954.69	-20849.736	6285.052	-14026.595	-36954.54	20779.86	60034.08	6914.032646894455
143	-4560.733	2374.6423	-1829.0894	-9906.196	-8686.67	2455.3342	-3408.894	-11719.545	20.0	20.0	714999	-20828.043	6261.7466	-14061.678	-36841.773	-20828.035	6261.7476	-14078.72	-36835.04	20756.516	58116.47	6950.710349082947
144	-4751.653	2262.1687	-1597.9766	-9563.198	-6371.464	2259.0703	-3693.418	-10693.401	20.0	20.0	719999	-20802.248	6244.51	-14088.447	-36817.418	-20802.24	6244.5093	-14074.401	-36828.848	20741.98	57815.92	6982.010262012482
145	-4784.838	2380.7734	-1577.3816	-9426.918	-6784.056	1107.9126	-5478.071	-9230.794	20.0	20.0	724999	-20785.92	6220.02	-14047.783	-36772.7	-20785.908	6220.0225	-14059.462	-36777.246	20720.527	59227.266	7013.15220618248
146	-4751.193	2288.875	-1662.7091	-9143.227	-5186.226	2537.7007	-2615.4536	-9925.184	20.0	20.0	729999	-20768.54	6199.129	-14115.426	-36715.44	-20768.535	6199.137	-14132.357	-36715.43	20702.977	57523.668	7044.3070499897
147	-4419.526	2106.195	-1722.455	-9367.4375	-7356.6104	2381.2725	-3536.331	-11563.753	20.0	20.0	734999	-20758.654	6181.68	-14135.74	-36667.45	-20758.676	6181.666	-14091.182	-36695.215	20691.73	57063.527	7075.238775014877
148	-4528.707	2203.1646	-1664.9423	-9418.183	-6188.9844	2487.3257	-2159.0122	-11083.675	20.0	20.0	739999	-20740.754	6160.607	-14155.199	-36567.71	-20740.764	6160.605	-14166.074	-36563.863	20682.758	54589.656	7105.008432865143
149	-4572.671	2297.7295	-1390.3795	-9668.284	-6462.4395	2828.4875	-2168.647	-10175.992	20.0	20.0	744999	-20734.154	6139.5967	-14180.586	-36535.402	-20734.154	6139.603	-14171.947	-36551.305	20672.725	55453.523	7134.9246962070465
150	-4508.281	2227.6868	-1662.0563	-9542.643	-6455.423	2697.9382	-3201.2466	-11566.791	20.0	20.0	749999	-20719.625	6117.8057	-14200.4375	-36510.84	-20719.629	6117.8037	-14170.134	-36513.574	20656.768	55514.81	7164.751718044281
151	-4353.189	2147.7878	-1713.2058	-9744.791	-5982.3496	3154.765	-2109.1394	-11601.04	20.0	20.0	754999	-20705.973	6101.118	-14214.289	-36467.918	-20705.967	6101.127	-14193.674	-36495.504	20646.9	56386.74	7194.573264837265
152	-4611.313	2222.036	-1584.4403	-9344.267	-6402.8374	3166.9717	-2411.8894	-11592.662	20.0	20.0	759999	-20700.646	6090.2793	-14204.054	-36479.844	-20700.645	6090.259	-14165.765	-36502.31	20642.104	53165.258	7224.416580200195
153	-4608.4214	2257.4717	-1779.4596	-9583.01	-6081.124	2568.819	-2091.3423	-11207.985	20.0	20.0	764999	-20698.256	6077.5337	-14232.86	-36464.66	-20698.264	6077.521	-14209.893	-36477.008	20636.73	52223.9	7254.126178026199
154	-4280.689	2149.9893	-1767.6464	-9359.045	-5717.2764	3114.5864	-1981.2532	-10748.097	20.0	20.0	769999	-20693.48	6062.496	-14229.214	-36434.176	-20693.477	6062.4727	-14191.064	-36446.926	20637.166	54933.09	7284.0474281311035
155	-4559.232	2229.6462	-1739.2748	-9221.895	-6064.939	3028.0273	-2541.296	-11929.063	20.0	20.0	774999	-20690.715	6048.8325	-14219.258	-36418.324	-20690.734	6048.8096	-14242.041	-36420.91	20626.49	54586.215	7314.2960431575775
156	-4578.813	2242.5376	-1699.5839	-9330.985	-7673.1094	3097.591	-2949.5618	-11416.66	20.0	20.0	779999	-20696.684	6035.9644	-14273.68	-36447.82	-20696.703	6035.947	-14279.065	-36461.89	20636.889	52203.82	7344.208779096603
157	-4387.765	2157.6775	-1696.942	-9155.573	-7357.095	2238.3796	-4763.3003	-10712.975	20.0	20.0	784999	-20700.951	6020.7183	-14240.457	-36374.957	-20700.979	6020.696	-14235.635	-36401.0	20645.58	55423.8	7374.100980043411
158	-4432.334	2236.4287	-1718.1093	-9351.191	-7509.7803	3247.5234	-1969.6538	-11587.587	20.0	20.0	789999	-20707.787	6007.4062	-14319.452	-36367.79	-20707.795	6007.383	-14287.016	-36357.99	20649.275	52272.68	7404.143468141556
159	-4689.646	2217.1707	-1721.4454	-8886.063	-8087.603	2707.1377	-2314.7673	-11274.35	20.0	20.0	794999	-20717.805	5995.0225	-14330.677	-36367.61	-20717.814	5994.988	-14290.916	-36380.492	20662.156	56001.35	7433.977023124695
160	-4674.812	2255.1052	-1685.3561	-9180.3125	-5843.9546	3155.0312	-2032.5284	-10517.291	20.0	20.0	799999	-20713.049	5983.7837	-14357.024	-36316.484	-20713.055	5983.754	-14368.594	-36315.39	20661.242	56548.7	7464.10142493248
161	-4616.4126	2170.346	-1669.9164	-9214.606	-6873.768	2127.8147	-3346.6924	-10482.881	20.0	20.0	804999	-20710.078	5972.6963	-14384.441	-36334.65	-20710.094	5972.6724	-14384.841	-36323.527	20656.785	52274.91	7494.470160007477
162	-4326.381	2181.7222	-1633.8174	-9104.801	-5604.0195	1911.224	-1993.0662	-9132.22	20.0	20.0	809999	-20704.928	5963.0674	-14357.544	-36326.117	-20704.96	5963.039	-14369.923	-36366.4	20655.9	54506.906	7524.410759925842
163	-4531.621	2266.155	-1814.9386	-9761.133	-8246.236	2649.0317	-3423.9	-11520.326	20.0	20.0	814999	-20697.98	5959.8076	-14385.69	-36325.75	-20697.979	5959.7793	-14395.539	-36324.36	20643.53	53269.28	7554.376217126846
164	-4649.569	2229.5066	-1588.8247	-9764.171	-6421.7476	2408.7651	-2950.5344	-10334.315	20.0	20.0	819999	-20697.803	5954.5684	-14400.555	-36292.42	-20697.809	5954.553	-14386.313	-36285.44	20648.906	52720.06	7584.337810993195
165	-4516.286	2135.9192	-1715.456	-9255.949	-7022.263	2692.2107	-2123.8662	-10385.994	20.0	20.0	824999	-20691.889	5951.286	-14327.305	-36336.42	-20691.91	5951.25	-14349.516	-36327.363	20647.277	52199.117	7614.34122300148
166	-4506.646	2220.8586	-1640.9642	-9599.478	-6276.9556	3222.7278	-2860.8743	-11893.646	20.0	20.0	829999	-20689.828	5950.734	-14386.341	-36299.418	-20689.83	5950.72	-14381.327	-36291.01	20633.6	51514.734	7644.360907077789
167	-4666.421	2257.4102	-1568.47	-9481.438	-5951.5234	2549.443	-2255.0845	-10773.221	20.0	20.0	834999	-20694.236	5954.7534	-14343.635	-36297.277	-20694.248	5954.713	-14317.6875	-36296.05	20645.756	53399.906	7674.999575138092
168	-4249.4517	2148.8784	-1544.3713	-9394.916	-6995.925	3112.8047	-2873.9646	-11751.232	20.0	20.0	839999	-20686.193	5954.333	-14339.883	-36390.484	-20686.184	5954.293	-14361.483	-36385.668	20638.941	54550.47	7717.764609098434
169	-4466.748	2226.5422	-1714.3405	-9157.026	-7155.3438	2452.7827	-2608.2227	-11385.7	20.0	20.0	844999	-20675.992	5955.4556	-14335.966	-36245.207	-20675.982	5955.415	-14339.29	-36254.23	20625.46	52585.3	7757.236847877502
170	-4509.8984	2302.801	-1658.0507	-9979.14	-7885.224	2734.2761	-3277.4941	-11120.259	20.0	20.0	849999	-20666.98	5949.5376	-14313.06	-36241.008	-20666.988	5949.5034	-14294.057	-36236.84	20618.342	51374.137	7804.208584070206
171	-4610.7417	2271.8074	-1701.4977	-9271.068	-7077.31	2469.7185	-3008.9119	-10218.891	20.0	20.0	854999	-20673.562	5954.561	-14287.729	-36229.656	-20673.555	5954.531	-14243.687	-36219.043	20624.646	53420.613	7841.077041864395
172	-4616.6284	2315.0571	-1757.5166	-9238.228	-6874.996	2624.4675	-2657.8906	-11419.391	20.0	20.0	859999	-20674.176	5952.607	-14294.37	-36290.29	-20674.18	5952.589	-14279.891	-36292.105	20630.922	53344.69	7874.881764888763
173	-4516.7964	2247.8362	-1650.5109	-9123.14	-7817.501	2531.249	-2852.3381	-11685.153	20.0	20.0	864999	-20676.969	5953.995	-14230.044	-36173.145	-20676.969	5953.97	-14268.116	-36178.066	20636.686	49560.168	7906.627478122711
174	-4413.136	2246.809	-1772.8971	-9670.638	-7503.206	2640.16	-3198.6338	-11414.452	20.0	20.0	869999	-20686.988	5953.441	-14230.491	-36206.605	-20687.01	5953.409	-14234.18	-36224.035	20639.57	54538.203	7938.408825159073
175	-4525.6226	2284.4536	-1738.7716	-9269.92	-8435.625	2745.7673	-4224.2773	-11774.066	20.0	20.0	874999	-20688.514	5950.7773	-14238.732	-36186.55	-20688.525	5950.7544	-14195.527	-36213.016	20645.455	51693.637	7969.884046077728
176	-4671.012	2349.1785	-1688.2574	-9725.214	-6943.0703	3109.2773	-2884.5676	-11016.498	20.0	20.0	879999	-20687.402	5948.005	-14226.151	-36176.72	-20687.398	5947.9844	-14193.174	-36172.625	20641.96	52401.887	7999.928930044174
177	-4570.849	2177.2197	-1759.1619	-9225.56	-7333.9517	2186.557	-2648.0217	-9596.674	20.0	20.0	884999	-20699.135	5950.046	-14224.139	-36214.17	-20699.123	5950.03	-14200.105	-36197.973	20654.57	52981.875	8030.079174041748
178	-4448.262	2175.486	-1763.071	-9319.609	-8133.9165	2413.5583	-3244.0623	-11663.872	20.0	20.0	889999	-20699.627	5946.778	-14204.681	-36230.77	-20699.627	5946.771	-14176.088	-36198.777	20650.486	54781.113	8060.143243074417
179	-4326.065	2164.9595	-1672.5151	-9265.046	-6893.8853	2535.863	-2312.3396	-11889.414	20.0	20.0	894999	-20698.031	5944.4946	-14208.958	-36211.508	-20698.053	5944.4688	-14208.112	-36209.855	20650.066	53125.82	8090.049640893936
180	-4301.929	2282.6047	-1572.6342	-9509.3955	-7652.21	3604.266	-3180.8364	-11778.559	20.0	20.0	899999	-20705.977	5940.881	-14205.687	-36225.465	-20705.973	5940.87	-14180.063	-36208.14	20663.58	53053.727	8119.853795051575
181	-4679.3755	2234.5383	-1659.7185	-9086.327	-7823.7686	2738.1084	-4409.748	-11442.056	20.0	20.0	904999	-20713.188	5938.773	-14168.006	-36225.01	-20713.201	5938.769	-14163.839	-36229.05	20670.105	50882.613	8149.879670143127
182	-4516.921	2313.4497	-1740.2107	-9319.505	-8304.935	2818.8992	-3580.3784	-10847.13	20.0	20.0	909999	-20729.01	5942.74	-14194.533	-36189.51	-20729.02	5942.7134	-14171.382	-36189.84	20687.652	51440.113	8179.789864063263
183	-4492.2437	2245.7393	-1674.0406	-9849.692	-7698.5576	3372.0708	-2287.6697	-11216.114	20.0	20.0	914999	-20739.797	5941.9146	-14203.104	-36267.117	-20739.803	5941.8896	-14185.848	-36261.73	20695.635	52628.754	8209.78207206726
184	-4764.192	2246.5735	-1661.4088	-9509.694	-5243.3076	3041.6816	-2120.132	-10949.869	20.0	20.0	919999	-20736.773	5944.1094	-14181.544	-36255.848	-20736.785	5944.0786	-14181.901	-36258.02	20696.041	51847.473	8239.69937300682
185	-4472.59	2211.052	-1617.0457	-9396.201	-7514.9897	2110.951	-4315.7075	-10490.992	20.0	20.0	924999	-20746.326	5942.3735	-14160.141	-36227.445	-20746.34	5942.3647	-14192.469	-36239.46	20706.451	51969.977	8269.625600099564
186	-4570.23	2248.8196	-1827.3784	-9323.401	-5950.941	3052.2368	-2189.2605	-10335.504	20.0	20.0	929999	-20758.518	5939.6147	-14187.21	-36205.938	-20758.545	5939.5703	-14208.628	-36209.402	20720.24	51316.117	8299.840080022812
187	-4785.592	2267.5918	-1606.4575	-9774.145	-6981.539	1925.4073	-3267.1672	-9884.438	20.0	20.0	934999	-20770.81	5940.2324	-14130.85	-36264.277	-20770.805	5940.2	-14150.315	-36269.57	20731.328	51397.766	8329.832463264465
188	-4373.887	2218.4028	-1755.5721	-9588.935	-6132.1475	3024.3184	-1974.1976	-10484.298	20.0	20.0	939999	-20778.445	5945.627	-14216.039	-36306.664	-20778.44	5945.617	-14191.153	-36297.824	20739.854	50944.12	8359.76023721695
189	-4582.5156	2225.8486	-1733.3815	-9018.956	-8304.873	1945.7303	-4947.088	-11901.553	20.0	20.0	944999	-20778.697	5946.4956	-14160.366	-36252.184	-20778.7	5946.4766	-14171.323	-36247.906	20738.707	50050.9	8389.847566127777
190	-4382.7734	2201.884	-1618.6674	-9349.124	-8080.4756	2120.7114	-4240.482	-11316.612	20.0	20.0	949999	-20788.621	5944.9604	-14152.286	-36222.51	-20788.633	5944.934	-14135.811	-36219.914	20751.64	50846.832	8419.871918201447
191	-4544.37	2183.525	-1801.6865	-9810.961	-6291.4717	2299.6118	-3051.2297	-9918.683	20.0	20.0	954999	-20797.037	5945.213	-14162.359	-36289.156	-20797.031	5945.1924	-14110.969	-36272.664	20760.105	51539.51	8449.796044111252
192	-4503.4673	2218.7043	-1752.139	-9429.556	-8137.6445	2568.3127	-2674.2563	-11913.739	20.0	20.0	959999	-20804.92	5940.76	-14136.446	-36263.688	-20804.906	5940.735	-14157.695	-36252.273	20768.436	51830.324	8479.918987989426
193	-4493.8477	2197.7563	-1672.0192	-9281.353	-6349.1655	3063.961	-2269.2925	-11080.099	20.0	20.0	964999	-20810.055	5936.405	-14167.803	-36268.61	-20810.07	5936.381	-14210.421	-36263.027	20775.441	54190.273	8509.928661108017
194	-4494.438	2230.1123	-1678.983	-9349.454	-8337.518	2359.1116	-4088.0234	-11195.236	20.0	20.0	969999	-20817.447	5932.1826	-14183.336	-36234.07	-20817.447	5932.1567	-14189.924	-36223.83	20786.873	52005.035	8543.807454109192
195	-4553.6685	2201.0735	-1605.249	-9577.873	-6987.475	2353.0713	-3575.1904	-10507.191	20.0	20.0	974999	-20813.318	5932.455	-14184.521	-36289.83	-20813.326	5932.4395	-14200.203	-36265.934	20775.66	49837.53	8574.267801046371
196	-4617.544	2317.7754	-1714.358	-9782.123	-6982.7915	3322.8677	-2793.714	-11716.989	20.0	20.0	979999	-20829.076	5937.1997	-14193.849	-36268.98	-20829.09	5937.18	-14208.368	-36269.598	20796.297	50678.55	8605.002416849136
197	-4402.9194	2310.8586	-1551.9154	-9402.669	-7681.147	2903.2832	-3137.243	-11844.958	20.0	20.0	984999	-20830.75	5935.089	-14192.118	-36293.457	-20830.768	5935.0547	-14203.99	-36285.12	20791.543	49714.895	8637.383671998978
198	-4751.1123	2269.0645	-1663.2572	-9154.536	-8017.513	2765.8506	-2223.9053	-11603.413	20.0	20.0	989999	-20842.219	5938.501	-14133.6455	-36284.85	-20842.207	5938.492	-14167.259	-36296.04	20810.14	50440.09	8668.212924003601
199	-4641.8804	2253.5684	-1572.0236	-9072.299	-7464.7227	2576.409	-2241.6094	-10452.234	20.0	20.0	994999	-20848.871	5932.567	-14125.67	-36295.7	-20848.871	5932.5586	-14190.438	-36288.887	20812.818	49673.63	8698.735215187073
200	-4621.0635	2266.7212	-1706.7899	-9483.343	-7418.9385	2633.1406	-4537.7686	-11868.035	20.0	20.0	999999	-20856.271	5933.334	-14211.345	-36295.6	-20856.277	5933.326	-14207.434	-36276.004	20824.688	51032.19	8729.68756198883
