Epoch	AverageEpRet	StdEpRet	MaxEpRet	MinEpRet	AverageTestEpRet	StdTestEpRet	MaxTestEpRet	MinTestEpRet	EpLen	TestEpLen	TotalEnvInteracts	AverageQ1Vals	StdQ1Vals	MaxQ1Vals	MinQ1Vals	AverageQ2Vals	StdQ2Vals	MaxQ2Vals	MinQ2Vals	LossPi	LossQ	Time
1	-19368.605	3207.3025	-11757.839	-27430.447	-8301.869	2719.4658	-3401.9973	-11403.735	20.0	20.0	4999	-1226.8037	392.8462	55.38299	-2703.7417	-1227.5734	389.81357	55.589157	-2624.6074	280.4845	90151.08	23.29699993133545
2	-19067.418	2920.7327	-11318.116	-26155.28	-4439.0444	985.55347	-2678.8926	-6295.748	20.0	20.0	9999	-752.02075	472.73212	991.9562	-2605.452	-752.0063	472.75482	926.4653	-2528.837	-284.8479	19558.637	54.0941481590271
3	-18957.99	3348.71	-11462.741	-26345.514	-6372.9756	3120.495	-2037.4446	-11611.462	20.0	20.0	14999	-508.87576	544.2506	1288.633	-2431.4575	-508.8644	544.2703	1244.4879	-2417.2197	-514.69934	16402.55	87.61160612106323
4	-19319.264	3191.4006	-12647.152	-26391.82	-7732.297	3006.5647	-2392.6238	-11810.928	20.0	20.0	19999	-469.63513	558.6624	1443.5095	-2329.4478	-469.6281	558.6617	1421.7904	-2340.7378	-552.3926	15832.719	122.95436692237854
5	-19375.004	3280.5474	-11908.13	-28590.197	-6457.8604	3352.0913	-2025.1033	-10183.2705	20.0	20.0	24999	-458.01498	569.5979	1456.2332	-2280.9614	-458.01022	569.59607	1433.5157	-2281.4473	-571.881	16284.484	150.5176649093628
6	-19221.645	3180.8127	-12111.472	-25479.715	-7443.896	2790.3594	-3150.7615	-11802.741	20.0	20.0	29999	-452.59265	573.6182	1477.1522	-2256.3467	-452.59155	573.61615	1440.6014	-2274.9993	-574.69543	16436.389	178.91884803771973
7	-18955.436	3066.137	-11571.939	-25987.45	-5923.8135	2064.101	-2133.562	-9711.655	20.0	20.0	34999	-472.48813	563.4211	1472.5658	-2345.578	-472.48593	563.4198	1443.7211	-2339.4812	-548.1734	16371.579	206.83051180839539
8	-19159.867	3343.527	-11741.729	-25920.61	-7498.6772	2836.8398	-2966.079	-11559.773	20.0	20.0	39999	-515.9874	544.1717	1452.765	-2376.3772	-515.98804	544.1746	1411.5398	-2360.4607	-503.6833	16283.245	234.39114904403687
9	-19041.352	3078.8584	-12772.395	-27548.54	-7298.8516	2231.2705	-4066.9033	-11811.841	20.0	20.0	44999	-580.74176	517.39294	1426.1062	-2394.6873	-580.74194	517.4069	1369.9164	-2378.1628	-439.1382	16052.992	262.02343487739563
10	-18627.488	3208.0847	-12500.732	-26193.758	-7889.3115	2533.3577	-3670.3481	-11614.255	20.0	20.0	49999	-640.3929	493.08435	1313.7662	-2408.5347	-640.4001	493.09732	1281.0898	-2395.656	-379.4425	16084.96	289.671098947525
11	-18869.951	3182.2183	-11256.127	-25062.865	-6505.6904	2131.275	-4434.8364	-11534.788	20.0	20.0	54999	-690.31976	470.24893	1218.9628	-2430.62	-690.3154	470.27707	1172.5581	-2421.8416	-324.80084	16006.183	317.43962001800537
12	-19438.96	3342.9856	-11958.753	-26298.473	-7262.751	2934.9995	-3863.7458	-11918.419	20.0	20.0	59999	-742.29706	451.93448	1117.1012	-2455.2886	-742.30115	451.94083	1090.8949	-2444.4653	-267.5435	15892.32	344.9453938007355
13	-19455.9	3169.5757	-12400.129	-27318.826	-6660.426	3044.0706	-2584.4016	-11347.823	20.0	20.0	64999	-791.5485	435.4644	985.25476	-2495.144	-791.5509	435.47452	981.45294	-2485.7415	-209.73538	15735.16	372.4374887943268
14	-19358.48	3191.2993	-12517.33	-25875.344	-7653.199	2535.1838	-4129.1587	-11830.285	20.0	20.0	69999	-840.9696	419.37375	851.3242	-2511.7036	-840.9746	419.36743	845.9655	-2511.0122	-158.4893	15604.782	400.05181789398193
15	-19109.918	3188.5557	-11402.345	-26675.203	-5893.8955	2152.2827	-2307.123	-9043.511	20.0	20.0	74999	-885.1238	405.293	773.418	-2545.8591	-885.14056	405.2547	764.7893	-2534.1323	-113.64763	15482.311	427.7218029499054
16	-18984.816	3238.078	-11660.924	-26183.592	-8110.6494	2821.2432	-3202.0437	-11432.529	20.0	20.0	79999	-931.0817	393.72314	641.88885	-2557.5823	-931.09955	393.67334	654.6808	-2556.624	-62.62195	15244.624	455.4423727989197
17	-18898.4	2952.9941	-11476.788	-25698.75	-5926.071	2879.0967	-2029.9148	-10979.912	20.0	20.0	84999	-1012.6725	376.50037	605.54944	-2600.0522	-1012.6844	376.44653	593.9603	-2598.8079	24.708328	14951.613	482.8719799518585
18	-18949.615	3167.3157	-11920.428	-26335.854	-7099.999	3375.0764	-3153.0781	-11813.977	20.0	20.0	89999	-1217.056	359.37216	486.05298	-2679.6755	-1217.0428	359.35773	471.488	-2715.6514	244.3145	14601.68	509.3164517879486
19	-18902.072	3204.0645	-12276.855	-26404.418	-6739.846	3167.441	-2491.279	-11578.243	20.0	20.0	94999	-1573.356	401.41586	154.27263	-3274.5312	-1573.3088	401.46786	133.9317	-3278.0974	613.8599	15509.275	535.8231208324432
20	-19057.953	3417.326	-10958.009	-27507.621	-7553.0947	3296.1316	-2965.5586	-11058.015	20.0	20.0	99999	-2030.8547	528.4699	-173.05942	-4145.0674	-2030.8218	528.4515	-167.6681	-4148.3853	1081.8718	19167.73	562.3911559581757
21	-4543.7583	2272.1191	-1615.4052	-9875.428	-7056.643	2456.0781	-3082.0244	-10711.887	20.0	20.0	104999	-3343.0679	1234.6019	-179.15215	-8073.1714	-3342.7869	1234.8525	-106.14167	-8043.394	2583.5217	34923.53	590.1325299739838
22	-4477.681	2165.0696	-1655.9666	-9295.042	-6316.452	1987.3921	-3459.4656	-9848.089	20.0	20.0	109999	-6014.6685	1896.842	-1651.5293	-12234.457	-6014.4785	1897.0969	-1637.7446	-12264.853	5340.3584	38676.17	618.0408000946045
23	-4556.2666	2225.3923	-1623.9258	-9256.46	-5185.404	1353.9789	-2336.5698	-6758.6455	20.0	20.0	114999	-8492.196	2486.5789	-3684.647	-15995.433	-8492.073	2486.8076	-3647.01	-16006.618	7844.802	38788.953	645.7476358413696
24	-4484.797	2296.6677	-1534.4175	-9244.018	-6799.029	2841.2654	-1982.2091	-11951.871	20.0	20.0	119999	-10632.398	3110.8345	-5388.58	-19389.541	-10632.31	3110.9954	-5377.789	-19365.67	10012.23	41980.418	673.5600020885468
25	-4438.481	2215.9333	-1720.4015	-9339.333	-7946.659	2781.962	-2393.14	-11671.251	20.0	20.0	124999	-12470.838	3732.1914	-6759.647	-22324.406	-12470.734	3732.4375	-6731.3496	-22285.795	11877.4795	47044.1	701.3826680183411
26	-4647.616	2221.4607	-1733.8962	-9421.57	-7463.1963	2030.8873	-3879.0088	-9742.952	20.0	20.0	129999	-14065.671	4330.025	-7789.6025	-25032.596	-14065.536	4330.3774	-7821.7515	-25023.086	13499.096	51911.125	730.4530251026154
27	-4445.9946	2069.375	-1572.315	-9078.204	-7658.9673	2359.4631	-4005.9795	-11498.252	20.0	20.0	134999	-15478.599	4865.1943	-8611.645	-27349.611	-15478.478	4865.5425	-8595.378	-27302.316	14933.882	55575.797	759.7389960289001
28	-4272.466	2186.5234	-1802.6818	-9978.333	-6240.874	2940.6396	-1966.4745	-11360.25	20.0	20.0	139999	-16703.55	5329.232	-9313.953	-29347.377	-16703.465	5329.4507	-9335.806	-29330.295	16174.298	60032.805	788.9453999996185
29	-4526.9443	2268.0706	-1528.9623	-9642.893	-5393.8896	2937.807	-1967.0367	-11912.656	20.0	20.0	144999	-17773.205	5762.181	-9889.083	-31177.316	-17773.135	5762.4014	-9916.531	-31155.766	17269.617	63366.688	817.8596270084381
30	-4784.5415	2291.7166	-1585.7628	-9286.074	-6695.146	3036.4646	-2555.376	-10899.868	20.0	20.0	149999	-18719.95	6151.586	-10357.692	-32789.418	-18719.875	6151.7856	-10409.12	-32765.234	18229.482	68374.63	847.1021230220795
31	-4794.1074	2333.7236	-1614.6431	-9408.477	-7632.5117	2881.9526	-3161.6917	-11729.393	20.0	20.0	154999	-19579.88	6504.0586	-10796.553	-34211.14	-19579.783	6504.2954	-10822.322	-34189.906	19109.482	73480.055	876.1448109149933
32	-4597.306	2293.8433	-1723.8882	-9461.444	-6669.3735	2502.863	-2721.638	-11236.771	20.0	20.0	159999	-20314.273	6818.8164	-11122.164	-35496.31	-20314.182	6819.0767	-11145.87	-35488.316	19851.95	77781.12	905.4338619709015
33	-4241.442	2052.0378	-1670.1602	-9123.83	-5526.573	2893.8657	-1966.002	-10934.029	20.0	20.0	164999	-20908.525	7083.798	-11451.171	-36541.117	-20908.414	7084.082	-11497.661	-36530.023	20469.102	76073.67	934.6067309379578
34	-4323.699	2205.4912	-1592.2711	-9405.703	-6302.2764	2716.8418	-2494.7092	-10855.328	20.0	20.0	169999	-21411.012	7312.706	-11747.044	-37472.805	-21410.902	7312.949	-11781.775	-37451.22	20987.262	75477.36	964.2268970012665
35	-4454.098	2273.885	-1562.6213	-9313.36	-6707.8164	2798.0654	-2479.43	-9571.418	20.0	20.0	174999	-21852.45	7507.5654	-12011.442	-38299.9	-21852.355	7507.802	-12027.392	-38276.816	21435.936	80308.62	993.6857779026031
36	-4479.6704	2306.8252	-1510.3293	-9268.134	-6533.28	3229.263	-2211.5002	-11267.937	20.0	20.0	179999	-22217.104	7680.188	-12176.719	-38961.39	-22217.021	7680.4185	-12204.015	-38937.824	21810.527	79482.07	1022.9044048786163
37	-4655.814	2266.6558	-1738.5062	-9307.879	-6486.6533	2131.0925	-3797.7178	-9757.418	20.0	20.0	184999	-22529.955	7827.5156	-12348.661	-39563.812	-22529.883	7827.7236	-12372.206	-39542.44	22139.605	82913.77	1052.388333082199
38	-4530.647	2230.3518	-1803.5364	-9420.997	-5999.2715	1865.4872	-2703.4438	-8938.631	20.0	20.0	189999	-22777.037	7943.335	-12613.094	-40151.47	-22776.953	7943.564	-12643.279	-40117.09	22397.459	92084.086	1081.6794259548187
39	-4523.162	2199.5764	-1525.6526	-9391.974	-7732.16	3612.0452	-2489.3586	-11810.975	20.0	20.0	194999	-22983.594	8038.393	-12732.995	-40396.285	-22983.533	8038.554	-12768.401	-40378.234	22606.258	96777.1	1110.8418817520142
40	-4334.2446	2260.8909	-1698.3134	-9342.645	-8132.706	3244.5737	-2331.7556	-11475.332	20.0	20.0	199999	-23142.627	8108.628	-12938.4795	-40750.316	-23142.646	8108.65	-12902.263	-40720.715	22778.287	92447.8	1140.0919878482819
41	-4413.0176	2182.3489	-1674.2554	-9157.041	-7862.323	2134.4285	-4345.2095	-11612.896	20.0	20.0	204999	-23279.734	8159.351	-13097.579	-41059.824	-23279.736	8159.3506	-13126.304	-41020.43	22928.516	97036.56	1169.7021157741547
42	-4426.276	2252.0774	-1477.8818	-9284.902	-6071.665	3275.2346	-2140.881	-11543.261	20.0	20.0	209999	-23380.514	8184.748	-13146.539	-41201.555	-23380.486	8184.827	-13172.145	-41182.58	23039.797	92057.62	1198.9499759674072
43	-4526.497	2207.509	-1583.5818	-9801.255	-7620.7876	2472.7974	-3824.2969	-11925.746	20.0	20.0	214999	-23473.57	8200.254	-13272.468	-41338.21	-23473.559	8200.351	-13283.298	-41350.4	23137.219	87553.17	1228.0107147693634
44	-4284.581	2076.9832	-1694.7142	-9136.554	-7251.7993	2552.2324	-2782.5757	-10454.151	20.0	20.0	219999	-23491.629	8172.0835	-13497.6455	-41353.273	-23491.602	8172.147	-13560.591	-41378.12	23172.426	88691.58	1257.2642529010773
45	-4628.2534	2278.7898	-1577.3799	-9476.404	-6703.6514	3109.8691	-2888.2947	-11364.493	20.0	20.0	224999	-23495.035	8148.7134	-13610.318	-41434.867	-23495.01	8148.7715	-13664.35	-41445.36	23178.227	98474.195	1285.7513060569763
46	-4467.626	2178.1028	-1684.0427	-9488.455	-7636.858	2198.9194	-4048.7537	-11398.213	20.0	20.0	229999	-23498.28	8118.053	-13745.558	-41416.797	-23498.232	8118.0825	-13753.855	-41406.727	23199.996	88963.44	1315.2054851055145
47	-4425.2036	2083.7134	-1545.8467	-9606.637	-6173.586	2434.7554	-2026.6906	-10944.189	20.0	20.0	234999	-23473.992	8076.408	-13826.93	-41457.414	-23474.0	8076.422	-13864.754	-41464.516	23176.102	84667.29	1343.3996160030365
48	-4724.875	2291.6895	-1723.1576	-9464.373	-6957.8657	2107.4722	-1979.0988	-9167.974	20.0	20.0	239999	-23468.398	8036.56	-13935.868	-41426.19	-23468.412	8036.51	-13948.329	-41448.992	23178.793	83599.18	1371.5598180294037
49	-4376.699	2237.2024	-1589.2517	-9333.375	-5845.292	2409.1685	-1974.339	-10162.67	20.0	20.0	244999	-23450.713	8002.6626	-14042.99	-41370.76	-23450.744	8002.6133	-14007.977	-41379.633	23167.064	80632.195	1399.6743187904358
50	-4608.687	2215.9993	-1700.5009	-9185.765	-7890.663	2796.7278	-3540.0286	-11643.091	20.0	20.0	249999	-23426.42	7976.6133	-14066.852	-41390.785	-23426.426	7976.585	-14059.915	-41399.875	23152.816	79558.49	1427.8642418384552
51	-4401.284	2150.935	-1617.0349	-9092.966	-5411.8677	2090.8762	-2280.8425	-8426.957	20.0	20.0	254999	-23399.117	7943.292	-14123.31	-41322.44	-23399.11	7943.241	-14161.065	-41355.83	23126.215	83630.81	1455.9604048728943
52	-4567.678	2261.7195	-1525.1726	-9468.616	-7369.831	2511.6606	-3368.2104	-11755.975	20.0	20.0	259999	-23374.873	7920.812	-14205.812	-41332.594	-23374.885	7920.753	-14260.253	-41364.535	23109.22	77888.61	1484.2064578533173
53	-4437.981	2312.4832	-1710.8733	-9351.5625	-6955.1406	3054.5688	-2215.639	-11001.161	20.0	20.0	264999	-23348.975	7910.2383	-14217.64	-41337.82	-23349.047	7910.099	-14274.073	-41349.836	23088.592	80713.12	1512.4361069202423
54	-4607.708	2277.0154	-1709.9886	-9425.241	-4424.832	2410.983	-2688.622	-10110.206	20.0	20.0	269999	-23338.95	7908.3115	-14328.536	-41310.234	-23338.963	7908.263	-14363.658	-41364.18	23078.928	79091.69	1540.749480009079
55	-4266.0083	2125.2004	-1673.954	-9212.197	-6208.0454	2956.453	-2431.3618	-11267.485	20.0	20.0	274999	-23315.34	7885.182	-14346.272	-41386.46	-23315.328	7885.183	-14397.759	-41407.594	23063.604	82268.16	1568.970762014389
56	-4383.904	2175.1406	-1510.5951	-9745.681	-7333.311	2817.538	-2215.3948	-11524.02	20.0	20.0	279999	-23262.56	7840.538	-14412.391	-41269.6	-23262.557	7840.545	-14440.051	-41308.92	23015.969	78099.25	1597.3762738704681
57	-4409.9565	2257.7803	-1594.0388	-9491.37	-6180.987	3549.1248	-2007.2528	-11815.731	20.0	20.0	284999	-23206.287	7787.3726	-14442.431	-41164.957	-23206.254	7787.4634	-14461.683	-41179.53	22968.402	79506.76	1625.5581078529358
58	-4607.2173	2300.9763	-1517.3771	-9315.384	-6031.141	1722.5219	-3678.686	-8521.3125	20.0	20.0	289999	-23131.637	7728.8813	-14469.499	-41101.11	-23131.586	7728.951	-14475.883	-41136.082	22902.588	78464.38	1653.9100759029388
59	-4602.47	2253.4216	-1584.7837	-9194.788	-6537.213	2862.5603	-2401.4563	-10013.211	20.0	20.0	294999	-23068.338	7676.9854	-14544.596	-40903.125	-23068.32	7677.051	-14485.372	-40910.3	22845.074	81045.26	1682.2500319480896
60	-4724.07	2269.505	-1729.1113	-9368.641	-5802.9297	2828.258	-2584.6194	-11811.662	20.0	20.0	299999	-22999.12	7626.7944	-14488.621	-40801.375	-22999.086	7626.864	-14535.913	-40839.207	22775.0	71703.695	1710.6243679523468
61	-4634.794	2323.8914	-1630.8921	-9232.141	-5829.103	2387.396	-2119.0085	-9925.496	20.0	20.0	304999	-22941.406	7577.8584	-14550.345	-40663.746	-22941.398	7577.932	-14530.526	-40667.496	22720.773	78594.99	1739.0042579174042
62	-4384.651	2246.1992	-1749.1377	-9580.979	-6728.19	2566.5767	-2612.7537	-9503.647	20.0	20.0	309999	-22884.688	7540.567	-14631.166	-40505.45	-22884.654	7540.682	-14586.594	-40530.855	22667.18	71744.4	1767.391940832138
63	-4514.2456	2244.661	-1643.6257	-9513.071	-5888.825	2368.1514	-2481.5154	-10296.133	20.0	20.0	314999	-22811.992	7491.9556	-14676.548	-40436.902	-22811.945	7492.0444	-14645.281	-40448.03	22605.6	72950.77	1795.8889060020447
64	-4303.084	2166.3682	-1613.4183	-9692.397	-7079.296	2296.298	-2967.7021	-10693.738	20.0	20.0	319999	-22754.254	7447.03	-14665.01	-40322.023	-22754.223	7447.0923	-14685.7705	-40334.58	22550.15	73968.26	1824.3665399551392
65	-4440.5386	2287.9202	-1731.374	-9671.466	-7550.857	2951.1282	-2168.5896	-11776.172	20.0	20.0	324999	-22697.342	7405.306	-14660.844	-40367.945	-22697.316	7405.3984	-14730.241	-40374.88	22494.691	71441.195	1852.7303919792175
66	-4352.214	2221.7964	-1600.0074	-9267.566	-6575.5303	3394.137	-2384.819	-11745.812	20.0	20.0	329999	-22651.188	7370.1235	-14695.922	-40222.77	-22651.162	7370.208	-14723.516	-40231.19	22453.094	70259.36	1881.1800179481506
67	-4547.1	2179.504	-1603.2312	-9437.915	-6970.532	2972.202	-2130.8354	-11389.411	20.0	20.0	334999	-22608.379	7335.0713	-14659.869	-40175.887	-22608.354	7335.1465	-14693.887	-40186.133	22413.197	72537.13	1909.5303318500519
68	-4573.4424	2279.1238	-1604.3265	-9368.435	-6622.393	3738.8057	-2163.644	-11841.157	20.0	20.0	339999	-22584.6	7308.321	-14646.592	-40038.42	-22584.562	7308.3774	-14720.007	-40054.562	22390.422	74842.17	1944.0860469341278
69	-4425.9526	2261.9375	-1668.1487	-9682.397	-7101.6914	3065.9546	-2958.617	-11851.556	20.0	20.0	344999	-22536.158	7279.3	-14631.27	-40012.062	-22536.139	7279.3584	-14677.836	-40018.984	22348.31	64542.016	1977.6561229228973
70	-4255.264	2118.7192	-1536.2063	-8844.075	-5554.0264	3052.3718	-2345.0093	-11019.877	20.0	20.0	349999	-22497.652	7258.865	-14636.551	-39977.934	-22497.617	7258.912	-14738.446	-39990.773	22314.025	70901.76	2007.668291091919
71	-4482.2666	2241.1226	-1564.0979	-9383.307	-7184.177	3433.569	-2056.2368	-11845.349	20.0	20.0	354999	-22452.012	7233.988	-14689.044	-39896.86	-22451.97	7234.0303	-14650.743	-39928.94	22271.83	73130.34	2037.1697778701782
72	-4467.652	2355.6013	-1316.3807	-9805.395	-8662.393	2302.1167	-4412.8496	-11951.135	20.0	20.0	359999	-22417.318	7219.1787	-14689.975	-39918.87	-22417.293	7219.2324	-14651.324	-39934.6	22236.174	72404.836	2066.0481128692627
73	-4406.119	2165.9768	-1620.4346	-9027.312	-6898.0244	2775.5283	-2442.5347	-11194.715	20.0	20.0	364999	-22365.455	7205.05	-14623.942	-39818.88	-22365.463	7205.0947	-14620.375	-39807.766	22191.287	76196.445	2094.7969629764557
74	-4441.252	2242.64	-1585.6985	-9331.401	-5865.0703	2782.0554	-2621.9336	-10481.64	20.0	20.0	369999	-22326.361	7198.3833	-14613.689	-39753.633	-22326.318	7198.446	-14612.926	-39747.992	22154.305	76229.96	2123.6516511440277
75	-4338.7954	2177.1877	-1504.1946	-9084.382	-6467.8057	2448.7917	-2651.485	-10391.589	20.0	20.0	374999	-22281.576	7189.1807	-14447.071	-39696.523	-22281.57	7189.227	-14522.359	-39715.414	22109.65	72126.414	2152.388505935669
76	-4229.151	2161.395	-1591.4413	-9131.18	-7370.6797	2966.9915	-3221.1865	-11647.724	20.0	20.0	379999	-22236.244	7177.135	-14510.878	-39660.42	-22236.203	7177.173	-14503.808	-39654.164	22070.748	70489.04	2181.1677057743073
77	-4595.6616	2236.9053	-1607.2976	-9271.476	-6706.6562	2816.31	-2764.4578	-10935.801	20.0	20.0	384999	-22210.451	7175.3823	-14477.786	-39650.805	-22210.412	7175.4443	-14498.435	-39651.383	22041.352	70931.15	2209.8956129550934
78	-4521.196	2325.1985	-1605.8318	-9284.2	-6730.082	3085.6697	-3113.332	-11720.813	20.0	20.0	389999	-22200.234	7175.705	-14437.147	-39625.57	-22200.229	7175.7593	-14468.788	-39637.805	22032.535	69224.71	2238.560998916626
79	-4577.92	2335.3374	-1628.9176	-9375.452	-8427.623	2366.4717	-2419.9583	-10819.28	20.0	20.0	394999	-22187.672	7171.622	-14381.789	-39615.098	-22187.666	7171.66	-14401.003	-39618.0	22022.602	70532.47	2267.3666388988495
80	-4696.253	2319.1978	-1571.8798	-9235.839	-7223.5557	1994.2834	-4898.3857	-10126.855	20.0	20.0	399999	-22189.486	7172.6846	-14319.532	-39605.2	-22189.465	7172.718	-14342.397	-39611.652	22028.344	72717.65	2296.0839030742645
81	-4391.292	2145.882	-1624.1237	-9199.808	-6113.761	3190.082	-2173.0137	-11661.964	20.0	20.0	404999	-22184.2	7168.518	-14314.694	-39633.01	-22184.178	7168.56	-14349.861	-39642.12	22027.385	70651.29	2324.8545620441437
82	-4563.66	2227.5032	-1761.4133	-9441.671	-7593.6787	2365.4949	-3621.8494	-10462.252	20.0	20.0	409999	-22176.078	7159.547	-14323.73	-39582.46	-22176.08	7159.5884	-14336.556	-39579.848	22016.979	74562.95	2353.44996881485
83	-4856.4795	2354.2905	-1719.3721	-9304.818	-6189.5957	2033.6808	-3043.4983	-9537.936	20.0	20.0	414999	-22189.969	7160.436	-14272.142	-39596.977	-22189.936	7160.47	-14279.094	-39604.055	22036.648	69559.27	2383.467724084854
84	-4693.102	2313.4758	-1750.3315	-9479.227	-7568.5845	2709.6143	-3307.256	-11383.706	20.0	20.0	419999	-22189.285	7157.995	-14294.617	-39594.902	-22189.273	7158.032	-14267.554	-39585.402	22041.414	67002.805	2413.774563074112
85	-4471.123	2289.6506	-1456.3444	-9539.351	-4924.204	2132.0034	-2568.0693	-9042.914	20.0	20.0	424999	-22197.63	7157.574	-14321.232	-39582.11	-22197.602	7157.612	-14344.1045	-39583.168	22050.936	67537.48	2443.875477075577
86	-4377.39	2268.0405	-1621.423	-9601.937	-8215.781	3137.4146	-2471.7214	-11789.439	20.0	20.0	429999	-22195.156	7150.9756	-14274.717	-39619.984	-22195.145	7151.0186	-14308.471	-39596.188	22040.969	68115.664	2473.773864030838
87	-4446.517	2093.87	-1609.6715	-9458.351	-5331.554	2321.4465	-2375.2463	-9397.135	20.0	20.0	434999	-22194.13	7147.535	-14253.266	-39632.605	-22194.125	7147.5894	-14292.073	-39625.35	22050.96	68387.875	2503.763426065445
88	-4497.511	2314.0667	-1740.606	-9524.331	-7163.8306	1919.9762	-4255.404	-11584.631	20.0	20.0	439999	-22197.992	7142.347	-14266.528	-39636.207	-22197.973	7142.389	-14303.249	-39626.598	22057.943	66365.484	2533.7432749271393
89	-4614.527	2276.274	-1635.4862	-9478.774	-8343.438	2423.8381	-3923.9941	-11696.224	20.0	20.0	444999	-22206.363	7144.3296	-14220.801	-39678.21	-22206.346	7144.3726	-14308.337	-39644.652	22066.896	65153.125	2564.4120440483093
90	-4463.5703	2268.999	-1641.8455	-9315.9375	-5954.689	3519.905	-2237.692	-11141.416	20.0	20.0	449999	-22215.408	7143.35	-14296.084	-39635.0	-22215.412	7143.3936	-14298.672	-39655.594	22073.42	66520.086	2594.4253039360046
91	-4510.4673	2322.0603	-1688.6317	-9182.662	-6040.741	2251.5007	-3150.2244	-11061.95	20.0	20.0	454999	-22220.69	7140.8965	-14271.841	-39643.13	-22220.682	7140.935	-14303.431	-39644.8	22082.857	67655.09	2624.932846069336
92	-4756.9697	2250.3584	-1709.0023	-9392.617	-9236.44	2294.7073	-4841.239	-11565.975	20.0	20.0	459999	-22226.283	7138.3823	-14267.351	-39644.74	-22226.28	7138.406	-14211.46	-39659.152	22089.115	70289.766	2654.658886909485
93	-4497.359	2288.5068	-1667.3723	-9545.919	-7136.745	3123.6155	-2253.009	-11642.266	20.0	20.0	464999	-22234.932	7138.9473	-14217.073	-39651.89	-22234.934	7138.9727	-14267.781	-39665.43	22098.146	64996.89	2684.745306968689
94	-4408.8374	2221.9922	-1627.5354	-9712.829	-6147.3237	3177.4329	-2049.9946	-10720.237	20.0	20.0	469999	-22236.934	7136.6206	-14271.01	-39655.5	-22236.928	7136.6465	-14325.863	-39637.188	22104.121	67863.92	2714.720277070999
95	-4617.638	2284.868	-1584.8992	-9220.761	-8871.17	2389.8174	-4597.936	-11905.271	20.0	20.0	474999	-22255.678	7139.416	-14220.287	-39653.92	-22255.676	7139.441	-14293.967	-39672.633	22123.389	67281.305	2745.022693872452
96	-4180.687	2195.3176	-1621.7004	-9522.123	-6923.8877	3865.8083	-2097.2058	-11863.725	20.0	20.0	479999	-22255.38	7136.728	-14301.082	-39732.05	-22255.383	7136.75	-14312.938	-39713.797	22132.82	68700.15	2775.4371569156647
97	-4585.291	2212.185	-1691.6099	-9497.091	-6820.3564	2709.5227	-3193.419	-11034.764	20.0	20.0	484999	-22256.852	7138.595	-14320.416	-39700.277	-22256.832	7138.6265	-14333.558	-39734.797	22137.209	67531.734	2805.529237985611
98	-4405.538	2160.1372	-1692.3391	-9290.861	-7021.7554	2659.3198	-3477.2363	-11146.704	20.0	20.0	489999	-22247.424	7135.712	-14296.05	-39692.754	-22247.414	7135.728	-14359.026	-39699.91	22122.473	67302.914	2835.676327943802
99	-4792.731	2377.3423	-1625.5574	-9352.223	-7717.7188	2106.1387	-3590.2556	-11571.983	20.0	20.0	494999	-22246.764	7133.286	-14294.4795	-39651.91	-22246.76	7133.303	-14320.179	-39645.484	22120.65	67257.37	2865.900598049164
100	-4266.671	2215.4768	-1625.215	-9095.264	-8526.358	2410.291	-3748.2227	-11483.636	20.0	20.0	499999	-22253.418	7137.001	-14276.838	-39726.59	-22253.426	7137.045	-14334.506	-39697.82	22137.287	63790.367	2896.106654882431
101	-4564.9917	2372.4438	-1678.575	-9332.499	-6246.1904	2596.8357	-2051.5518	-10806.8545	20.0	20.0	504999	-22239.336	7132.222	-14253.97	-39682.305	-22239.34	7132.2495	-14323.075	-39683.55	22119.855	67401.29	2926.2859897613525
102	-4484.6055	2322.8528	-1778.7979	-9383.032	-7384.8647	2584.905	-2367.1394	-11650.803	20.0	20.0	509999	-22217.842	7122.132	-14259.729	-39592.434	-22217.861	7122.1616	-14303.505	-39610.785	22100.96	66348.49	2956.4176728725433
103	-4180.913	2092.989	-1450.4944	-9089.009	-6201.462	2943.9143	-2520.08	-11427.897	20.0	20.0	514999	-22189.25	7099.1245	-14242.84	-39543.137	-22189.246	7099.1504	-14285.568	-39564.03	22071.898	66722.32	2986.665948867798
104	-4397.547	2210.5535	-1628.2794	-9420.171	-6030.972	2707.7065	-2687.7148	-10371.848	20.0	20.0	519999	-22172.084	7082.318	-14170.572	-39504.688	-22172.068	7082.348	-14237.754	-39525.582	22059.469	66100.516	3016.9849939346313
105	-4648.4	2249.4812	-1678.522	-9127.182	-7506.1865	2856.5105	-2460.5837	-10912.617	20.0	20.0	524999	-22131.408	7051.945	-14105.509	-39468.367	-22131.406	7051.971	-14168.405	-39455.645	22024.033	66552.72	3047.2484238147736
106	-4528.885	2232.6172	-1516.7706	-9109.766	-8068.3877	1892.3872	-4603.102	-10999.623	20.0	20.0	529999	-22096.732	7020.2935	-14101.392	-39328.945	-22096.715	7020.3306	-14167.141	-39325.586	21991.566	65844.61	3077.799695968628
107	-4529.5723	2213.9597	-1529.0156	-9123.453	-6096.206	2843.9004	-2478.441	-11682.814	20.0	20.0	534999	-22033.967	6981.195	-14039.193	-39204.383	-22033.97	6981.214	-14070.02	-39191.996	21927.389	64378.754	3108.1632068157196
108	-4782.305	2279.0283	-1618.0249	-8840.431	-6971.1304	2464.994	-3618.095	-11819.451	20.0	20.0	539999	-21967.28	6936.51	-13901.342	-39021.97	-21967.281	6936.549	-14064.14	-39038.64	21872.588	64026.63	3138.4146780967712
109	-4575.843	2218.3027	-1710.7733	-9021.009	-7468.288	2594.9194	-2278.5532	-10416.824	20.0	20.0	544999	-21880.416	6882.4946	-13942.13	-38851.184	-21880.406	6882.5386	-13988.482	-38881.598	21784.473	64110.836	3169.081379175186
110	-4377.489	2198.0352	-1714.7584	-9432.675	-4540.036	1631.4955	-2149.3176	-7732.5317	20.0	20.0	549999	-21794.037	6834.566	-13880.071	-38693.27	-21794.014	6834.631	-13882.449	-38679.03	21694.137	60857.266	3199.2654128074646
111	-4360.597	2181.9822	-1696.035	-9201.723	-7945.8423	2163.6401	-3969.4604	-11076.539	20.0	20.0	554999	-21686.715	6773.5215	-13784.869	-38500.06	-21686.719	6773.5713	-13834.029	-38521.91	21592.58	66202.664	3229.7305290699005
112	-4440.01	2259.1729	-1706.1554	-9300.097	-7387.357	2889.5725	-2581.321	-11171.289	20.0	20.0	559999	-21579.957	6707.991	-13734.343	-38225.453	-21579.95	6708.052	-13776.684	-38197.62	21493.533	62515.098	3260.1286199092865
113	-4667.451	2268.5151	-1726.744	-9837.761	-7233.8857	3059.559	-3774.9038	-11893.543	20.0	20.0	564999	-21464.26	6643.858	-13635.867	-38060.22	-21464.262	6643.9136	-13682.098	-38076.473	21379.377	63803.53	3290.72101187706
114	-4415.763	2117.856	-1578.6019	-9270.067	-7160.802	3130.3574	-2077.7358	-11754.273	20.0	20.0	569999	-21355.049	6587.2646	-13578.259	-37848.668	-21355.023	6587.315	-13584.785	-37830.086	21269.36	61385.742	3321.3905029296875
115	-4695.066	2223.378	-1623.9955	-9271.236	-5610.01	3047.7458	-2096.4463	-10656.777	20.0	20.0	574999	-21251.203	6534.565	-13528.568	-37529.004	-21251.209	6534.628	-13576.757	-37545.625	21169.836	61322.746	3352.1758918762207
116	-4546.9443	2203.6033	-1427.952	-9688.2705	-7949.587	2640.7942	-3223.9407	-11483.061	20.0	20.0	579999	-21148.031	6485.881	-13409.699	-37295.754	-21148.023	6485.944	-13469.24	-37276.7	21061.545	62088.69	3382.516838788986
117	-4682.022	2232.2922	-1563.41	-9291.353	-6563.2944	3132.7324	-2540.86	-11511.985	20.0	20.0	584999	-21058.16	6433.6846	-13378.312	-37129.43	-21058.135	6433.7324	-13368.659	-37142.47	20978.572	61960.05	3413.221184015274
118	-4497.818	2183.7268	-1606.4288	-9309.848	-6774.354	3397.1367	-2176.6934	-11742.28	20.0	20.0	589999	-20973.36	6386.025	-13331.327	-37013.42	-20973.357	6386.0835	-13368.189	-37001.25	20891.795	59816.8	3445.3791580200195
119	-4397.68	2226.8127	-1653.0383	-9301.194	-5686.0645	2411.8315	-2492.8367	-10065.298	20.0	20.0	594999	-20891.105	6343.3115	-13258.979	-36814.7	-20891.092	6343.387	-13332.172	-36825.71	20820.385	59430.58	3476.20326089859
120	-4600.52	2339.4294	-1586.1232	-9427.401	-6409.051	2580.806	-1969.1536	-9084.489	20.0	20.0	599999	-20819.154	6304.881	-13237.601	-36653.832	-20819.135	6304.9375	-13282.902	-36670.332	20746.424	60362.043	3506.8520798683167
121	-4620.793	2195.3647	-1604.1715	-9290.915	-6544.033	2853.3188	-2089.3755	-11675.301	20.0	20.0	604999	-20753.969	6267.0767	-13168.815	-36474.445	-20753.97	6267.144	-13243.736	-36486.207	20684.846	58837.46	3537.462662935257
122	-4720.905	2261.0645	-1614.4943	-9101.824	-6643.835	3371.9878	-2124.444	-11900.781	20.0	20.0	609999	-20695.158	6226.282	-13109.179	-36381.566	-20695.121	6226.325	-13147.053	-36405.1	20618.873	59007.188	3567.862014055252
123	-4564.477	2362.747	-1584.1265	-10201.581	-6653.1743	3645.584	-1968.6744	-11742.054	20.0	20.0	614999	-20656.363	6189.026	-13149.791	-36222.637	-20656.377	6189.0625	-13105.79	-36254.746	20584.621	55294.234	3598.5267441272736
124	-4633.63	2329.191	-1641.9749	-9534.605	-7034.0312	2134.0906	-3668.3528	-11255.507	20.0	20.0	619999	-20624.877	6161.0737	-13191.611	-36167.492	-20624.854	6161.1416	-13222.045	-36141.918	20555.395	58179.637	3630.774050951004
125	-4425.709	2230.109	-1696.1409	-9452.055	-7784.8555	2936.6348	-3126.6753	-11245.558	20.0	20.0	624999	-20592.56	6131.1353	-13194.727	-36010.26	-20592.57	6131.1846	-13192.421	-36016.453	20523.61	60011.86	3663.5281858444214
126	-4574.964	2187.1008	-1641.2719	-9350.455	-5498.1514	2151.1868	-2205.876	-8716.077	20.0	20.0	629999	-20565.33	6101.3022	-13160.496	-35927.79	-20565.322	6101.3433	-13208.391	-35970.7	20495.367	57425.51	3695.1924619674683
127	-4506.5234	2202.8318	-1610.1193	-9252.501	-6291.654	3789.394	-1987.3833	-11651.032	20.0	20.0	634999	-20534.576	6074.505	-13148.21	-35929.285	-20534.55	6074.546	-13212.552	-35903.062	20464.584	56142.785	3725.843980073929
128	-4338.633	2242.5825	-1606.5226	-9136.507	-5691.9385	3013.883	-2798.8171	-10185.556	20.0	20.0	639999	-20499.34	6054.821	-13119.666	-35792.074	-20499.352	6054.8506	-13180.897	-35790.055	20434.781	57702.457	3756.565064907074
129	-4598.74	2283.1292	-1737.7244	-9455.22	-8189.948	2646.9812	-3564.1057	-11859.4	20.0	20.0	644999	-20486.113	6038.969	-13145.662	-35731.195	-20486.113	6038.9917	-13194.805	-35753.742	20422.752	58654.117	3787.0771498680115
130	-4502.78	2155.1914	-1682.6101	-9382.389	-6746.111	3017.7441	-3317.6511	-11145.948	20.0	20.0	649999	-20461.85	6017.637	-13153.146	-35705.883	-20461.826	6017.6504	-13193.998	-35723.957	20401.37	56803.72	3817.4714069366455
131	-4511.934	2333.7922	-1701.9943	-9140.843	-6255.7275	2409.4563	-3065.4858	-11276.55	20.0	20.0	654999	-20443.727	6000.76	-13118.904	-35650.16	-20443.713	6000.754	-13196.243	-35691.566	20384.11	57091.44	3848.0236179828644
132	-4527.373	2210.4026	-1602.9318	-9126.737	-6328.757	2337.4563	-2352.0876	-10333.414	20.0	20.0	659999	-20424.615	5976.2285	-13161.983	-35614.297	-20424.64	5976.238	-13202.601	-35600.617	20367.87	56180.914	3878.5855050086975
133	-4572.042	2243.4973	-1779.172	-9460.6	-5857.907	3309.0266	-2193.0823	-11209.117	20.0	20.0	664999	-20409.666	5962.718	-13171.035	-35574.156	-20409.656	5962.727	-13198.688	-35562.953	20348.342	56558.168	3909.0090849399567
134	-4442.9487	2221.949	-1645.4149	-8810.221	-7987.181	3182.9858	-2131.222	-11859.11	20.0	20.0	669999	-20384.598	5944.877	-13180.772	-35487.664	-20384.59	5944.903	-13183.856	-35490.113	20325.602	54633.957	3939.586573123932
135	-4476.045	2149.469	-1516.9478	-9380.253	-7384.482	2655.5442	-3322.9897	-11050.785	20.0	20.0	674999	-20373.693	5934.0205	-13167.306	-35466.195	-20373.705	5934.024	-13202.518	-35496.37	20318.271	55741.695	3970.280804872513
136	-4753.838	2298.6753	-1695.3899	-9449.312	-6978.103	2416.2883	-3275.4124	-10667.596	20.0	20.0	679999	-20366.408	5925.7964	-13042.636	-35442.28	-20366.387	5925.7964	-13133.651	-35424.707	20311.184	56902.047	4003.16325879097
137	-4860.345	2304.283	-1612.9248	-9828.783	-8231.053	2999.1848	-2783.7903	-11049.441	20.0	20.0	684999	-20365.957	5916.129	-13082.252	-35411.63	-20365.969	5916.141	-13204.035	-35397.637	20308.588	57033.664	4033.9909789562225
138	-4285.7354	2146.8064	-1502.853	-9282.647	-7017.339	3396.6436	-2545.149	-11905.183	20.0	20.0	689999	-20363.078	5907.2554	-13126.399	-35386.69	-20363.062	5907.2476	-13162.722	-35376.594	20313.498	55733.848	4064.8355808258057
139	-4592.835	2287.7979	-1581.9152	-9515.441	-7064.6953	3018.7183	-2345.5483	-10939.204	20.0	20.0	694999	-20359.51	5898.439	-13050.576	-35379.9	-20359.512	5898.431	-13193.398	-35351.023	20300.387	55544.51	4095.4908339977264
140	-4557.509	2256.9343	-1697.9092	-9172.236	-6602.897	2643.0615	-2581.393	-10483.577	20.0	20.0	699999	-20346.143	5891.547	-13126.512	-35351.43	-20346.148	5891.537	-13192.149	-35352.88	20291.98	53794.527	4126.073742866516
141	-4570.181	2220.266	-1562.7255	-9134.661	-8247.753	2141.0789	-4961.806	-11564.946	20.0	20.0	704999	-20342.842	5884.2256	-13157.781	-35302.152	-20342.83	5884.2163	-13203.833	-35332.555	20292.406	52669.09	4156.812004804611
142	-4480.032	2282.9631	-1628.3145	-9475.538	-8045.6055	2849.1177	-2096.4956	-11779.964	20.0	20.0	709999	-20343.643	5880.8364	-13160.414	-35334.133	-20343.654	5880.8306	-13189.447	-35335.918	20290.41	56770.184	4187.480656862259
143	-4501.398	2378.6304	-1757.1622	-9905.424	-8686.67	2455.3342	-3408.894	-11719.545	20.0	20.0	714999	-20348.998	5880.697	-13185.419	-35292.047	-20349.01	5880.6875	-13225.155	-35307.902	20293.637	55056.098	4218.072124958038
144	-4690.1	2262.385	-1485.5283	-9492.248	-6371.464	2259.0703	-3693.418	-10693.401	20.0	20.0	719999	-20347.264	5889.452	-13162.789	-35302.004	-20347.268	5889.4653	-13241.466	-35316.6	20303.506	54782.414	4248.581112146378
145	-4722.443	2383.217	-1494.0745	-9380.35	-6784.056	1107.9126	-5478.071	-9230.794	20.0	20.0	724999	-20349.986	5891.6045	-13180.746	-35322.137	-20349.957	5891.593	-13230.736	-35302.465	20302.164	56313.695	4279.244971036911
146	-4690.218	2291.1165	-1594.6261	-9131.378	-5186.226	2537.7007	-2615.4536	-9925.184	20.0	20.0	729999	-20348.85	5893.891	-13183.552	-35339.945	-20348.871	5893.878	-13222.675	-35325.45	20302.426	55556.504	4309.820709943771
147	-4360.486	2104.6987	-1642.3014	-9337.6045	-7356.6104	2381.2725	-3536.331	-11563.753	20.0	20.0	734999	-20355.55	5896.947	-13213.661	-35357.285	-20355.559	5896.943	-13207.741	-35352.52	20305.855	54758.324	4340.500476837158
148	-4469.708	2206.0303	-1615.4298	-9361.437	-6188.9844	2487.3257	-2159.0122	-11083.675	20.0	20.0	739999	-20352.09	5894.4575	-13198.578	-35328.375	-20352.072	5894.4478	-13199.512	-35297.566	20310.883	53367.547	4371.203369855881
149	-4513.96	2300.889	-1297.8983	-9623.424	-6462.4395	2828.4875	-2168.647	-10175.992	20.0	20.0	744999	-20361.82	5885.057	-13198.391	-35295.62	-20361.822	5885.047	-13234.015	-35287.777	20318.941	53575.305	4401.954585075378
150	-4446.9424	2229.6873	-1598.5045	-9512.784	-6455.423	2697.9382	-3201.2466	-11566.791	20.0	20.0	749999	-20362.008	5870.749	-13241.425	-35322.066	-20362.01	5870.7456	-13256.411	-35313.46	20316.986	54219.39	4432.690596818924
151	-4296.2793	2146.579	-1659.3597	-9669.79	-5982.3496	3154.765	-2109.1394	-11601.04	20.0	20.0	754999	-20362.75	5861.0093	-13263.361	-35293.207	-20362.756	5860.9956	-13295.021	-35252.156	20322.752	54880.25	4463.579302787781
152	-4550.943	2223.7078	-1506.1715	-9344.03	-6402.8374	3166.9717	-2411.8894	-11592.662	20.0	20.0	759999	-20372.443	5856.862	-13251.531	-35272.305	-20372.47	5856.849	-13304.343	-35255.76	20331.86	52104.945	4494.373151063919
153	-4549.365	2258.2969	-1732.9532	-9529.298	-6081.124	2568.819	-2091.3423	-11207.985	20.0	20.0	764999	-20383.367	5848.9473	-13269.747	-35283.508	-20383.373	5848.9478	-13303.539	-35297.777	20340.182	50733.9	4525.239577054977
154	-4223.3423	2151.5935	-1682.2426	-9359.509	-5717.2764	3114.5864	-1981.2532	-10748.097	20.0	20.0	769999	-20390.316	5837.886	-13226.934	-35280.68	-20390.34	5837.8916	-13339.464	-35297.445	20351.686	53578.887	4556.064622163773
155	-4500.651	2233.7368	-1660.8086	-9165.987	-6064.939	3028.0273	-2541.296	-11929.063	20.0	20.0	774999	-20399.658	5833.0654	-13284.766	-35313.383	-20399.652	5833.0635	-13328.453	-35322.11	20354.01	53694.754	4586.859481096268
156	-4514.853	2247.1165	-1616.8832	-9293.948	-7673.1094	3097.591	-2949.5618	-11416.66	20.0	20.0	779999	-20413.428	5831.3403	-13300.405	-35297.48	-20413.44	5831.3345	-13336.043	-35261.895	20372.14	50874.234	4617.53983092308
157	-4327.9346	2153.7024	-1645.584	-9065.995	-7357.095	2238.3796	-4763.3003	-10712.975	20.0	20.0	784999	-20420.666	5828.1743	-13303.494	-35307.2	-20420.666	5828.173	-13373.821	-35299.383	20384.521	54057.785	4649.206158876419
158	-4373.88	2236.503	-1644.129	-9317.538	-7509.7803	3247.5234	-1969.6538	-11587.587	20.0	20.0	789999	-20428.676	5823.63	-13354.593	-35299.766	-20428.678	5823.621	-13373.69	-35281.984	20388.314	51511.17	4680.020653963089
159	-4630.4014	2217.5317	-1645.0271	-8879.329	-8087.603	2707.1377	-2314.7673	-11274.35	20.0	20.0	794999	-20442.201	5820.192	-13368.477	-35322.97	-20442.201	5820.1685	-13390.293	-35303.55	20404.025	54406.285	4710.915527820587
160	-4617.8813	2255.257	-1628.756	-9177.893	-5843.9546	3155.0312	-2032.5284	-10517.291	20.0	20.0	799999	-20443.254	5818.4834	-13363.114	-35326.094	-20443.268	5818.459	-13386.002	-35354.45	20409.746	55947.3	4741.58846282959
161	-4557.084	2173.8215	-1544.437	-9175.258	-6873.768	2127.8147	-3346.6924	-10482.881	20.0	20.0	804999	-20447.76	5815.1387	-13394.494	-35368.01	-20447.781	5815.125	-13436.222	-35348.027	20412.344	51218.285	4772.7464780807495
162	-4264.858	2182.1367	-1529.6897	-9051.23	-5604.0195	1911.224	-1993.0662	-9132.22	20.0	20.0	809999	-20454.852	5809.856	-13415.4375	-35315.98	-20454.863	5809.845	-13450.363	-35308.742	20424.037	53429.832	4803.641762018204
163	-4471.75	2268.8901	-1703.2113	-9752.232	-8246.236	2649.0317	-3423.9	-11520.326	20.0	20.0	814999	-20454.553	5808.2104	-13415.55	-35303.227	-20454.545	5808.1943	-13443.85	-35274.957	20418.105	52686.99	4834.504437923431
164	-4589.024	2233.0137	-1558.8057	-9707.151	-6421.7476	2408.7651	-2950.5344	-10334.315	20.0	20.0	819999	-20463.574	5803.704	-13412.508	-35307.1	-20463.576	5803.708	-13467.242	-35274.875	20432.793	51173.742	4865.28888297081
165	-4455.089	2135.4578	-1617.2701	-9208.661	-7022.263	2692.2107	-2123.8662	-10385.994	20.0	20.0	824999	-20467.766	5800.0864	-13448.6455	-35320.074	-20467.78	5800.0815	-13490.279	-35306.863	20441.65	51294.418	4896.270714759827
166	-4446.066	2221.687	-1605.4885	-9562.975	-6276.9556	3222.7278	-2860.8743	-11893.646	20.0	20.0	829999	-20473.814	5797.2427	-13463.104	-35273.39	-20473.816	5797.2373	-13485.19	-35273.43	20436.924	50473.566	4927.037798881531
167	-4606.103	2257.8884	-1522.7954	-9460.97	-5951.5234	2549.443	-2255.0845	-10773.221	20.0	20.0	834999	-20486.604	5796.259	-13434.592	-35314.195	-20486.592	5796.2534	-13506.182	-35310.387	20457.623	52057.605	4957.960951089859
168	-4187.696	2152.369	-1505.4453	-9331.885	-6995.925	3112.8047	-2873.9646	-11751.232	20.0	20.0	839999	-20486.97	5792.1587	-13444.623	-35304.14	-20486.979	5792.1597	-13487.854	-35326.164	20459.748	53036.027	4988.976666927338
169	-4410.905	2227.44	-1675.0829	-9098.032	-7155.3438	2452.7827	-2608.2227	-11385.7	20.0	20.0	844999	-20485.902	5788.9883	-13498.137	-35332.684	-20485.908	5788.983	-13489.793	-35324.11	20455.68	51548.508	5019.89684510231
170	-4447.798	2302.6611	-1598.392	-9918.893	-7885.224	2734.2761	-3277.4941	-11120.259	20.0	20.0	849999	-20487.727	5781.512	-13513.462	-35325.594	-20487.732	5781.509	-13501.482	-35330.96	20458.02	50101.824	5050.934322834015
171	-4551.647	2271.4143	-1664.4673	-9266.563	-7077.31	2469.7185	-3008.9119	-10218.891	20.0	20.0	854999	-20501.008	5784.284	-13486.118	-35369.12	-20501.014	5784.2915	-13546.25	-35373.117	20471.803	51875.41	5081.851173877716
172	-4556.281	2314.244	-1683.5698	-9184.628	-6874.996	2624.4675	-2657.8906	-11419.391	20.0	20.0	859999	-20507.48	5782.2217	-13519.447	-35350.8	-20507.486	5782.2036	-13567.326	-35361.766	20483.492	51856.574	5112.836377859116
173	-4455.5317	2249.522	-1539.5735	-9092.2	-7817.501	2531.249	-2852.3381	-11685.153	20.0	20.0	864999	-20511.518	5780.565	-13485.036	-35332.688	-20511.543	5780.552	-13517.13	-35322.48	20491.02	48365.777	5143.530096769333
174	-4350.276	2250.163	-1710.774	-9627.377	-7503.206	2640.16	-3198.6338	-11414.452	20.0	20.0	869999	-20521.2	5777.559	-13547.059	-35335.76	-20521.193	5777.568	-13580.752	-35334.867	20492.818	52966.027	5173.444117069244
175	-4466.5713	2286.585	-1669.1564	-9182.945	-8435.625	2745.7673	-4224.2773	-11774.066	20.0	20.0	874999	-20519.906	5775.305	-13552.31	-35352.98	-20519.912	5775.2817	-13618.31	-35347.14	20496.994	50377.645	5203.453622102737
176	-4610.668	2350.9475	-1626.1893	-9683.404	-6943.0703	3109.2773	-2884.5676	-11016.498	20.0	20.0	879999	-20514.941	5770.727	-13550.295	-35339.37	-20514.957	5770.716	-13615.165	-35338.316	20489.8	50811.99	5233.493108987808
177	-4507.8486	2179.697	-1656.427	-9176.695	-7333.9517	2186.557	-2648.0217	-9596.674	20.0	20.0	884999	-20522.809	5769.95	-13594.512	-35349.676	-20522.814	5769.9463	-13613.059	-35380.66	20498.42	52000.594	5263.468533039093
178	-4389.8164	2177.593	-1696.5549	-9314.782	-8133.9165	2413.5583	-3244.0623	-11663.872	20.0	20.0	889999	-20522.717	5764.609	-13611.154	-35401.934	-20522.74	5764.5947	-13643.441	-35372.58	20494.133	53545.01	5293.627633810043
179	-4266.988	2166.7222	-1628.3893	-9205.999	-6893.8853	2535.863	-2312.3396	-11889.414	20.0	20.0	894999	-20517.32	5759.021	-13634.284	-35359.965	-20517.332	5759.015	-13655.321	-35362.695	20490.55	52077.586	5333.804933786392
180	-4242.848	2285.6348	-1588.0868	-9477.193	-7652.21	3604.266	-3180.8364	-11778.559	20.0	20.0	899999	-20518.754	5754.0537	-13640.449	-35305.066	-20518.764	5754.035	-13692.518	-35298.746	20496.842	51893.855	5366.62407708168
181	-4619.1826	2235.1245	-1627.0677	-9041.936	-7823.7686	2738.1084	-4409.748	-11442.056	20.0	20.0	904999	-20517.482	5752.471	-13617.363	-35358.18	-20517.494	5752.4565	-13678.479	-35332.2	20495.908	49834.453	5398.836730957031
182	-4457.8394	2313.865	-1641.1466	-9300.16	-8304.935	2818.8992	-3580.3784	-10847.13	20.0	20.0	909999	-20525.297	5755.305	-13638.097	-35357.44	-20525.31	5755.295	-13674.079	-35328.387	20505.2	50299.887	5433.019629001617
183	-4429.359	2244.2434	-1666.9805	-9796.109	-7698.5576	3372.0708	-2287.6697	-11216.114	20.0	20.0	914999	-20533.826	5750.8438	-13639.772	-35331.97	-20533.871	5750.83	-13697.047	-35334.906	20510.58	51079.316	5468.225162982941
184	-4703.483	2244.0044	-1608.9778	-9514.917	-5243.3076	3041.6816	-2120.132	-10949.869	20.0	20.0	919999	-20526.53	5752.1865	-13669.83	-35349.2	-20526.537	5752.1777	-13654.617	-35348.938	20507.26	50609.86	5501.844821929932
185	-4410.822	2215.5825	-1529.4617	-9352.043	-7514.9897	2110.951	-4315.7075	-10490.992	20.0	20.0	924999	-20527.805	5750.3325	-13648.18	-35407.906	-20527.793	5750.325	-13663.258	-35412.32	20508.396	51272.164	5534.544032096863
186	-4509.5073	2253.0798	-1779.4147	-9264.068	-5950.941	3052.2368	-2189.2605	-10335.504	20.0	20.0	929999	-20528.193	5749.117	-13669.127	-35379.71	-20528.18	5749.0957	-13709.125	-35360.99	20511.076	50304.695	5567.455820083618
187	-4723.8066	2271.7434	-1549.7395	-9778.282	-6981.539	1925.4073	-3267.1672	-9884.438	20.0	20.0	934999	-20533.518	5748.6777	-13642.31	-35267.914	-20533.531	5748.6606	-13681.114	-35294.01	20514.855	50600.69	5600.6469078063965
188	-4314.7246	2215.5623	-1660.7244	-9591.403	-6132.1475	3024.3184	-1974.1976	-10484.298	20.0	20.0	939999	-20540.992	5750.011	-13652.08	-35359.75	-20540.99	5750.0054	-13729.27	-35369.61	20523.535	49948.72	5633.636859893799
189	-4523.4976	2226.8582	-1699.8746	-8952.179	-8304.873	1945.7303	-4947.088	-11901.553	20.0	20.0	944999	-20541.152	5748.3447	-13686.193	-35395.652	-20541.156	5748.336	-13731.292	-35410.83	20522.346	48990.68	5667.481025934219
190	-4322.378	2205.547	-1529.8136	-9289.344	-8080.4756	2120.7114	-4240.482	-11316.612	20.0	20.0	949999	-20546.219	5746.5283	-13695.284	-35407.188	-20546.246	5746.524	-13733.536	-35375.48	20530.666	50013.406	5702.9428198337555
191	-4484.344	2186.8337	-1783.3505	-9795.495	-6291.4717	2299.6118	-3051.2297	-9918.683	20.0	20.0	954999	-20548.402	5746.3154	-13690.555	-35368.08	-20548.424	5746.303	-13735.842	-35376.652	20533.049	50323.3	5736.1427347660065
192	-4441.7607	2220.105	-1684.2821	-9404.295	-8137.6445	2568.3127	-2674.2563	-11913.739	20.0	20.0	959999	-20548.785	5741.001	-13714.412	-35396.62	-20548.79	5741.006	-13748.749	-35382.16	20534.633	50798.6	5769.673647880554
193	-4436.2495	2197.8894	-1599.2479	-9222.728	-6349.1655	3063.961	-2269.2925	-11080.099	20.0	20.0	964999	-20543.938	5736.746	-13711.482	-35391.305	-20543.936	5736.7373	-13741.563	-35398.24	20530.31	53304.94	5802.751289129257
194	-4431.851	2232.3533	-1610.4143	-9268.1455	-8337.518	2359.1116	-4088.0234	-11195.236	20.0	20.0	969999	-20543.137	5731.376	-13757.376	-35449.54	-20543.152	5731.3687	-13791.207	-35454.957	20534.156	51296.145	5835.749659776688
195	-4492.0874	2200.9036	-1548.4791	-9568.721	-6987.475	2353.0713	-3575.1904	-10507.191	20.0	20.0	974999	-20537.463	5725.4243	-13751.486	-35342.797	-20537.463	5725.424	-13755.888	-35337.84	20521.709	48924.49	5869.442821979523
196	-4557.7363	2316.8794	-1636.3693	-9725.845	-6982.7915	3322.8677	-2793.714	-11716.989	20.0	20.0	979999	-20551.45	5721.735	-13791.466	-35422.816	-20551.453	5721.727	-13819.079	-35392.664	20539.854	49700.93	5902.592782735825
197	-4341.675	2312.0894	-1465.1257	-9365.14	-7681.147	2903.2832	-3137.243	-11844.958	20.0	20.0	984999	-20549.148	5716.7144	-13802.465	-35371.816	-20549.16	5716.7114	-13822.099	-35386.992	20531.756	48967.63	5935.4728989601135
198	-4688.339	2268.0535	-1582.322	-9132.63	-8017.513	2765.8506	-2223.9053	-11603.413	20.0	20.0	989999	-20561.89	5717.273	-13788.817	-35343.48	-20561.89	5717.2656	-13797.809	-35356.484	20550.695	49296.773	5968.459408998489
199	-4580.893	2255.495	-1519.0835	-9053.641	-7464.7227	2576.409	-2241.6094	-10452.234	20.0	20.0	994999	-20565.82	5713.359	-13796.584	-35428.066	-20565.82	5713.35	-13798.975	-35450.88	20551.332	48840.594	6001.322876930237
200	-4564.206	2267.5547	-1608.7866	-9478.002	-7418.9385	2633.1406	-4537.7686	-11868.035	20.0	20.0	999999	-20571.762	5714.576	-13823.81	-35437.793	-20571.758	5714.57	-13866.524	-35461.0	20561.234	49649.01	6033.945121049881
