Epoch	AverageEpRet	StdEpRet	MaxEpRet	MinEpRet	AverageTestEpRet	StdTestEpRet	MaxTestEpRet	MinTestEpRet	EpLen	TestEpLen	TotalEnvInteracts	AverageQ1Vals	StdQ1Vals	MaxQ1Vals	MinQ1Vals	AverageQ2Vals	StdQ2Vals	MaxQ2Vals	MinQ2Vals	LossPi	LossQ	Time
1	-19997.559	3092.714	-11677.357	-27551.059	-8301.869	2719.4658	-3401.9973	-11403.735	20.0	20.0	4999	-1305.6675	385.54147	48.325752	-2832.2651	-1306.1581	384.14874	-0.61381596	-2802.2256	328.38895	93387.21	22.801546096801758
2	-19908.92	3172.7188	-12194.061	-27075.047	-4439.0444	985.55347	-2678.8926	-6295.748	20.0	20.0	9999	-954.3835	420.477	514.4408	-2655.8513	-954.39716	420.37183	539.89484	-2681.4695	-131.20157	22619.623	51.039138078689575
3	-19756.385	3222.6208	-13047.74	-28514.266	-6372.9756	3120.495	-2037.4446	-11611.462	20.0	20.0	14999	-795.31683	463.91806	831.5749	-2548.164	-795.3119	463.8891	860.68005	-2520.3513	-290.01907	19546.275	79.23248219490051
4	-19938.557	2992.6284	-13282.024	-26226.312	-7732.297	3006.5647	-2392.6238	-11810.928	20.0	20.0	19999	-758.1884	476.99393	902.5341	-2518.6018	-758.17847	477.00226	922.0235	-2491.7039	-331.051	18668.021	107.56666493415833
5	-19937.06	3228.0188	-13366.185	-27171.502	-6457.8604	3352.0913	-2025.1033	-10183.2705	20.0	20.0	24999	-765.46875	477.867	918.0832	-2548.7334	-765.46045	477.88895	931.9219	-2515.9614	-323.91623	18975.758	136.2008261680603
6	-20005.896	3292.6262	-11894.4375	-28636.385	-7443.896	2790.3594	-3150.7615	-11802.741	20.0	20.0	29999	-762.7279	481.32233	909.20154	-2531.965	-762.71844	481.34723	951.1445	-2527.9521	-320.58405	19146.123	164.89792203903198
7	-19842.527	3404.4832	-9759.18	-27867.795	-5923.8135	2064.101	-2133.562	-9711.655	20.0	20.0	34999	-765.1774	482.93286	922.33813	-2540.0125	-765.1722	482.9487	956.4738	-2524.6726	-319.19186	18722.63	193.3531630039215
8	-19855.982	3162.287	-12375.455	-26506.932	-7498.6772	2836.8398	-2966.079	-11559.773	20.0	20.0	39999	-782.7038	474.63193	913.97095	-2556.7878	-782.6935	474.66098	922.71405	-2539.0005	-298.45224	18244.621	222.24411916732788
9	-19368.854	3234.3955	-9706.989	-26825.05	-7298.8516	2231.2705	-4066.9033	-11811.841	20.0	20.0	44999	-807.5957	461.81763	875.3987	-2510.0286	-807.5923	461.8432	919.86694	-2496.0881	-268.38885	17919.13	251.17536115646362
10	-19315.746	3218.4539	-12497.76	-27866.793	-7889.3115	2533.3577	-3670.3481	-11614.255	20.0	20.0	49999	-849.5368	443.27878	804.9243	-2527.1191	-849.52313	443.32382	856.34827	-2510.4475	-221.66914	17726.44	279.95706391334534
11	-19749.19	3134.186	-10658.244	-26800.918	-6505.6904	2131.275	-4434.8364	-11534.788	20.0	20.0	54999	-899.1713	422.0688	716.50543	-2506.177	-899.1617	422.11664	773.3298	-2483.3047	-167.43373	17323.186	309.4004101753235
12	-19900.928	3236.0642	-11717.159	-26192.197	-7262.751	2934.9995	-3863.7458	-11918.419	20.0	20.0	59999	-949.57495	404.77768	646.61	-2520.223	-949.5675	404.82178	660.9062	-2502.1997	-115.218864	17390.805	337.89189982414246
13	-20090.168	2967.348	-13055.516	-26755.969	-6660.426	3044.0706	-2584.4016	-11347.823	20.0	20.0	64999	-997.8749	389.97107	565.5674	-2531.4705	-997.865	390.01672	562.99915	-2507.3018	-65.7951	17407.639	366.52145886421204
14	-19805.11	3099.191	-11514.085	-27310.852	-7653.199	2535.1838	-4129.1587	-11830.285	20.0	20.0	69999	-1039.4368	377.3737	520.133	-2514.3418	-1039.4255	377.41943	518.51154	-2496.8271	-23.656538	17591.014	395.2291798591614
15	-19912.29	3447.0845	-11344.156	-26793.805	-5893.8955	2152.2827	-2307.123	-9043.511	20.0	20.0	74999	-1078.1461	365.6773	441.06888	-2527.437	-1078.1362	365.72168	431.33176	-2503.8474	17.513412	17779.562	424.2507891654968
16	-19952.775	3156.115	-13353.576	-26831.773	-8110.6494	2821.2432	-3202.0437	-11432.529	20.0	20.0	79999	-1108.2175	358.98322	420.23492	-2528.6055	-1108.2123	359.01065	421.84457	-2502.235	47.158607	17849.7	453.1392800807953
17	-19633.355	3078.3018	-12217.152	-26202.361	-5926.071	2879.0967	-2029.9148	-10979.912	20.0	20.0	84999	-1185.9576	349.90494	371.9577	-2601.202	-1185.9357	349.96973	384.09448	-2602.5464	122.79215	17329.336	481.8419361114502
18	-19719.988	3259.707	-12680.622	-27603.072	-7099.999	3375.0764	-3153.0781	-11813.977	20.0	20.0	89999	-1472.9324	373.42078	358.4633	-3066.932	-1472.8998	373.4528	402.15692	-3069.061	390.24808	19175.113	510.1550521850586
19	-19549.332	3188.0496	-11701.909	-26408.834	-6739.846	3167.441	-2491.279	-11578.243	20.0	20.0	94999	-1821.1869	464.81976	650.8187	-3690.006	-1821.1646	464.87244	666.3158	-3692.771	705.9278	33283.055	539.3426492214203
20	-19914.078	3252.9055	-12643.046	-26357.908	-7553.0947	3296.1316	-2965.5586	-11058.015	20.0	20.0	99999	-2063.591	592.46155	1427.3779	-4137.865	-2063.5212	592.44037	1385.4113	-4127.9517	907.4786	60705.906	568.311888217926
21	-4566.15	2268.4062	-1613.2698	-9923.011	-7056.643	2456.0781	-3082.0244	-10711.887	20.0	20.0	104999	-3149.8865	1254.5187	2472.9888	-8020.844	-3150.0518	1254.3937	2376.248	-8027.01	2169.599	40228.934	598.2702231407166
22	-4499.187	2162.1008	-1667.1368	-9317.694	-6316.452	1987.3921	-3459.4656	-9848.089	20.0	20.0	109999	-5715.4766	2047.0846	-1027.3069	-12277.22	-5715.4077	2047.5636	-1006.4962	-12291.215	4944.003	30383.846	628.3631739616394
23	-4580.074	2225.51	-1662.4357	-9244.377	-5185.404	1353.9789	-2336.5698	-6758.6455	20.0	20.0	114999	-8140.843	2782.5586	-2759.0984	-16088.722	-8140.8657	2782.634	-2759.5437	-16090.366	7439.2183	37241.832	658.4262499809265
24	-4506.141	2292.938	-1526.9291	-9268.867	-6799.029	2841.2654	-1982.2091	-11951.871	20.0	20.0	119999	-10278.871	3460.474	-4406.3516	-19443.205	-10278.932	3460.4148	-4394.7363	-19434.746	9615.284	44380.27	688.5358562469482
25	-4456.9946	2219.1794	-1715.9092	-9350.953	-7946.659	2781.962	-2393.14	-11671.251	20.0	20.0	124999	-12148.443	4091.4534	-5686.8726	-22579.443	-12148.462	4091.4797	-5689.731	-22558.398	11515.312	49039.8	718.601448059082
26	-4666.8257	2217.755	-1762.1786	-9367.648	-7463.1963	2030.8873	-3879.0088	-9742.952	20.0	20.0	129999	-13799.566	4670.9243	-6964.708	-25267.15	-13799.55	4671.027	-6935.921	-25250.645	13193.918	53493.883	748.6500699520111
27	-4469.1904	2072.557	-1607.0051	-9089.981	-7658.9673	2359.4631	-4005.9795	-11498.252	20.0	20.0	134999	-15249.479	5180.709	-7875.9165	-27576.004	-15249.44	5180.84	-7861.368	-27571.373	14668.025	56730.008	778.8982660770416
28	-4294.0054	2183.0227	-1777.9275	-9921.567	-6240.874	2940.6396	-1966.4745	-11360.25	20.0	20.0	139999	-16504.223	5621.2993	-8737.214	-29542.996	-16504.19	5621.4473	-8573.923	-29554.906	15940.912	61798.33	809.5564589500427
29	-4548.068	2266.7185	-1576.9321	-9671.643	-5393.8896	2937.807	-1967.0367	-11912.656	20.0	20.0	144999	-17617.309	6012.489	-9452.228	-31489.678	-17617.256	6012.684	-9388.485	-31474.64	17080.39	64786.086	839.953094959259
30	-4805.823	2291.2236	-1605.9667	-9304.649	-6695.146	3036.4646	-2555.376	-10899.868	20.0	20.0	149999	-18611.371	6354.95	-9973.298	-33043.594	-18611.338	6355.1265	-9993.143	-33027.39	18088.67	70302.375	870.25834608078
31	-4817.7954	2331.2405	-1621.1555	-9386.888	-7632.5117	2881.9526	-3161.6917	-11729.393	20.0	20.0	154999	-19515.557	6674.0645	-10567.423	-34544.062	-19515.504	6674.237	-10504.767	-34515.055	19014.465	75277.695	900.5692579746246
32	-4615.442	2291.6575	-1779.5306	-9446.546	-6669.3735	2502.863	-2721.638	-11236.771	20.0	20.0	159999	-20291.637	6960.741	-11055.658	-35767.117	-20291.588	6960.894	-11022.402	-35750.78	19799.008	79595.89	930.5673990249634
33	-4262.84	2056.293	-1655.0354	-9157.586	-5526.573	2893.8657	-1966.002	-10934.029	20.0	20.0	164999	-20929.924	7201.851	-11465.897	-36868.12	-20929.89	7201.979	-11450.017	-36872.348	20461.227	77822.06	960.74689412117
34	-4343.414	2207.268	-1592.2484	-9417.324	-6302.2764	2716.8418	-2494.7092	-10855.328	20.0	20.0	169999	-21479.363	7415.4604	-11798.398	-37807.06	-21479.3	7415.5864	-11819.544	-37797.125	21026.516	77104.266	990.9450280666351
35	-4474.034	2270.487	-1595.6594	-9292.266	-6707.8164	2798.0654	-2479.43	-9571.418	20.0	20.0	174999	-21970.562	7604.313	-12070.187	-38732.13	-21970.527	7604.4644	-12064.553	-38703.0	21525.89	82842.53	1020.7226779460907
36	-4500.065	2301.2463	-1539.8876	-9240.857	-6533.28	3229.263	-2211.5002	-11267.937	20.0	20.0	179999	-22400.406	7776.574	-12343.052	-39367.723	-22400.354	7776.7495	-12276.643	-39350.42	21966.121	82567.734	1050.9982180595398
37	-4678.39	2263.2588	-1774.9249	-9326.078	-6486.6533	2131.0925	-3797.7178	-9757.418	20.0	20.0	184999	-22783.357	7926.0615	-12615.797	-40064.832	-22783.322	7926.2354	-12610.101	-40050.46	22365.95	86255.22	1081.4565870761871
38	-4551.573	2229.049	-1803.7478	-9435.8545	-5999.2715	1865.4872	-2703.4438	-8938.631	20.0	20.0	189999	-23104.432	8043.356	-12847.426	-40615.72	-23104.365	8043.5684	-12852.66	-40589.78	22699.059	95784.04	1112.7336180210114
39	-4547.978	2197.3462	-1508.6244	-9420.218	-7732.16	3612.0452	-2489.3586	-11810.975	20.0	20.0	194999	-23383.727	8148.115	-13057.001	-41086.914	-23383.65	8148.332	-13049.357	-41055.793	22981.607	100936.34	1142.404547214508
40	-4356.562	2256.142	-1674.6027	-9324.125	-8132.706	3244.5737	-2331.7556	-11475.332	20.0	20.0	199999	-23606.504	8236.706	-13147.886	-41476.04	-23606.438	8236.918	-13223.857	-41442.355	23218.611	96715.984	1172.3861088752747
41	-4435.631	2178.9128	-1711.5504	-9163.642	-7862.323	2134.4285	-4345.2095	-11612.896	20.0	20.0	204999	-23799.441	8314.947	-13462.996	-41921.973	-23799.357	8315.192	-13399.336	-41862.63	23424.127	101996.055	1200.9523730278015
42	-4447.465	2249.9402	-1525.5834	-9291.304	-6071.665	3275.2346	-2140.881	-11543.261	20.0	20.0	209999	-23948.832	8371.752	-13482.921	-42108.465	-23948.715	8372.063	-13465.713	-42103.38	23584.107	97436.39	1229.4514329433441
43	-4546.3623	2207.4302	-1630.0892	-9833.777	-7620.7876	2472.7974	-3824.2969	-11925.746	20.0	20.0	214999	-24098.15	8434.709	-13576.111	-42383.023	-24097.986	8435.178	-13547.922	-42364.594	23737.51	93668.984	1258.1446931362152
44	-4306.503	2072.25	-1753.9902	-9155.814	-7251.7993	2552.2324	-2782.5757	-10454.151	20.0	20.0	219999	-24186.355	8465.173	-13866.546	-42539.71	-24186.168	8465.718	-13867.763	-42552.598	23843.428	95619.664	1286.5889449119568
45	-4651.219	2276.4194	-1608.6539	-9468.431	-6703.6514	3109.8691	-2888.2947	-11364.493	20.0	20.0	224999	-24263.023	8501.481	-13957.796	-42734.824	-24262.797	8502.13	-13942.528	-42693.523	23922.574	107074.05	1314.972804069519
46	-4492.357	2172.3054	-1670.0944	-9509.037	-7636.858	2198.9194	-4048.7537	-11398.213	20.0	20.0	229999	-24332.777	8529.082	-13937.981	-42855.418	-24332.65	8529.555	-13974.097	-42816.32	24011.793	97742.14	1343.573350906372
47	-4450.8706	2081.7698	-1562.298	-9621.8955	-6173.586	2434.7554	-2026.6906	-10944.189	20.0	20.0	234999	-24368.252	8542.798	-13987.855	-42959.28	-24368.148	8543.148	-13956.467	-42925.94	24046.906	94671.234	1372.0993030071259
48	-4741.926	2291.1172	-1743.1859	-9480.755	-6957.8657	2107.4722	-1979.0988	-9167.974	20.0	20.0	239999	-24406.914	8554.635	-14051.21	-43035.92	-24406.81	8554.92	-14085.358	-42993.117	24094.496	94292.13	1400.6312489509583
49	-4399.038	2233.105	-1622.8088	-9336.151	-5845.292	2409.1685	-1974.339	-10162.67	20.0	20.0	244999	-24413.023	8562.189	-14098.477	-43033.613	-24412.938	8562.437	-14098.102	-43015.906	24107.287	91414.94	1429.1586380004883
50	-4631.3423	2212.5981	-1725.7887	-9227.052	-7890.663	2796.7278	-3540.0286	-11643.091	20.0	20.0	249999	-24398.275	8564.524	-14057.2	-43073.613	-24398.191	8564.734	-14084.814	-43028.203	24103.363	90627.35	1458.1836521625519
51	-4422.0776	2147.974	-1639.5762	-9106.343	-5411.8677	2090.8762	-2280.8425	-8426.957	20.0	20.0	254999	-24363.258	8549.648	-14084.017	-43046.766	-24363.195	8549.875	-13988.462	-42996.555	24070.64	95238.59	1486.7087318897247
52	-4590.2075	2258.0256	-1555.5719	-9418.175	-7369.831	2511.6606	-3368.2104	-11755.975	20.0	20.0	259999	-24322.021	8537.271	-14087.951	-42976.566	-24321.957	8537.471	-14028.977	-42954.246	24037.654	89116.22	1515.2290720939636
53	-4460.6216	2311.7815	-1737.0723	-9392.749	-6955.1406	3054.5688	-2215.639	-11001.161	20.0	20.0	264999	-24262.143	8517.261	-14087.79	-42914.383	-24262.072	8517.494	-14072.933	-42937.707	23986.66	92174.74	1543.8431899547577
54	-4629.135	2273.916	-1742.9265	-9448.951	-4424.832	2410.983	-2688.622	-10110.206	20.0	20.0	269999	-24202.006	8496.499	-14091.279	-42842.504	-24201.916	8496.742	-14077.157	-42824.0	23928.598	89641.42	1572.4345121383667
55	-4285.848	2127.3682	-1672.8839	-9211.872	-6208.0454	2956.453	-2431.3618	-11267.485	20.0	20.0	274999	-24130.166	8461.509	-14147.654	-42774.945	-24130.082	8461.7705	-14089.818	-42778.168	23866.7	92959.45	1601.0874381065369
56	-4407.731	2171.207	-1570.0769	-9741.043	-7333.311	2817.538	-2215.3948	-11524.02	20.0	20.0	279999	-24024.037	8414.74	-14116.91	-42605.445	-24023.953	8414.938	-14051.775	-42602.895	23767.107	87935.17	1630.0026021003723
57	-4428.197	2256.6135	-1575.9963	-9441.073	-6180.987	3549.1248	-2007.2528	-11815.731	20.0	20.0	284999	-23919.92	8366.902	-14008.536	-42437.22	-23919.861	8367.1	-13985.612	-42421.44	23672.979	89175.04	1658.4965860843658
58	-4630.577	2300.9338	-1569.7737	-9321.936	-6031.141	1722.5219	-3678.686	-8521.3125	20.0	20.0	289999	-23805.883	8316.129	-14078.501	-42327.496	-23805.79	8316.463	-14075.071	-42333.977	23569.566	87278.53	1687.1668989658356
59	-4624.551	2253.075	-1658.5021	-9227.182	-6537.213	2862.5603	-2401.4563	-10013.211	20.0	20.0	294999	-23705.658	8266.203	-14118.887	-42157.68	-23705.53	8266.591	-14073.267	-42127.164	23476.352	89773.19	1715.7814888954163
60	-4746.218	2268.1458	-1694.4684	-9350.176	-5802.9297	2828.258	-2584.6194	-11811.662	20.0	20.0	299999	-23592.87	8216.524	-14110.604	-41954.598	-23592.73	8216.953	-14057.417	-41947.23	23361.773	79048.33	1744.4370980262756
61	-4659.703	2324.204	-1717.371	-9245.777	-5829.103	2387.396	-2119.0085	-9925.496	20.0	20.0	304999	-23485.77	8164.9536	-14008.68	-41800.11	-23485.63	8165.386	-14035.087	-41781.566	23259.895	86624.07	1773.1772220134735
62	-4406.493	2247.5696	-1756.6382	-9570.666	-6728.19	2566.5767	-2612.7537	-9503.647	20.0	20.0	309999	-23364.922	8120.7666	-13977.251	-41529.42	-23364.768	8121.214	-13986.095	-41524.105	23143.344	78242.14	1801.883563041687
63	-4536.574	2245.7803	-1640.081	-9485.9795	-5888.825	2368.1514	-2481.5154	-10296.133	20.0	20.0	314999	-23221.049	8057.691	-13985.449	-41335.676	-23220.873	8058.1606	-13941.033	-41340.855	23012.969	78795.03	1830.607752084732
64	-4325.503	2164.3486	-1611.4182	-9725.268	-7079.296	2296.298	-2967.7021	-10693.738	20.0	20.0	319999	-23090.629	7990.396	-13969.494	-41140.01	-23090.504	7990.8374	-13947.742	-41155.49	22884.623	79843.29	1859.342642068863
65	-4463.6733	2285.8433	-1751.268	-9707.312	-7550.857	2951.1282	-2168.5896	-11776.172	20.0	20.0	324999	-22955.975	7925.7256	-13981.614	-40970.97	-22955.86	7926.1343	-13945.803	-40950.688	22751.938	76773.89	1888.0135469436646
66	-4372.565	2222.4377	-1629.9192	-9230.434	-6575.5303	3394.137	-2384.819	-11745.812	20.0	20.0	329999	-22826.938	7860.6504	-13938.777	-40697.28	-22826.8	7861.0596	-13921.982	-40700.555	22628.438	75495.13	1916.6970241069794
67	-4567.316	2176.52	-1624.182	-9419.589	-6970.532	2972.202	-2130.8354	-11389.411	20.0	20.0	334999	-22709.168	7789.921	-13910.4375	-40507.43	-22709.035	7790.3013	-13943.683	-40497.367	22513.588	76889.91	1945.46435213089
68	-4599.6157	2276.4934	-1653.2683	-9351.312	-6622.393	3738.8057	-2163.644	-11841.157	20.0	20.0	339999	-22615.51	7725.377	-13955.822	-40310.17	-22615.385	7725.7734	-13936.793	-40322.645	22420.871	78712.31	1974.2383501529694
69	-4445.67	2258.1272	-1720.0555	-9665.894	-7101.6914	3065.9546	-2958.617	-11851.556	20.0	20.0	344999	-22503.287	7657.2915	-13939.368	-40150.895	-22503.137	7657.687	-13934.3955	-40151.1	22315.332	67266.52	2002.928022146225
70	-4275.204	2120.8464	-1586.6456	-8844.546	-5554.0264	3052.3718	-2345.0093	-11019.877	20.0	20.0	349999	-22412.842	7597.9634	-13954.957	-39952.582	-22412.73	7598.334	-13974.477	-39939.12	22228.652	73489.4	2031.7399220466614
71	-4505.275	2238.9724	-1612.4874	-9411.6	-7184.177	3433.569	-2056.2368	-11845.349	20.0	20.0	354999	-22321.992	7534.23	-13899.942	-39772.42	-22321.863	7534.61	-13898.506	-39766.383	22142.36	75387.38	2060.418146133423
72	-4489.8516	2352.932	-1348.1761	-9808.83	-8662.393	2302.1167	-4412.8496	-11951.135	20.0	20.0	359999	-22253.506	7478.7476	-13968.268	-39687.133	-22253.4	7479.078	-13978.053	-39707.12	22071.766	73884.31	2090.252184152603
73	-4428.4854	2167.141	-1630.2871	-9059.553	-6898.0244	2775.5283	-2442.5347	-11194.715	20.0	20.0	364999	-22176.352	7423.157	-13900.493	-39494.38	-22176.215	7423.4966	-13932.109	-39472.332	22002.395	77425.47	2129.812434911728
74	-4461.5767	2239.0596	-1561.2101	-9301.555	-5865.0703	2782.0554	-2621.9336	-10481.64	20.0	20.0	369999	-22119.72	7371.5845	-13987.613	-39444.375	-22119.63	7371.917	-13988.836	-39392.184	21947.885	76816.39	2830.3228149414062
75	-4361.5693	2176.3335	-1538.8119	-9076.782	-6467.8057	2448.7917	-2651.485	-10391.589	20.0	20.0	374999	-22062.205	7320.8403	-13997.903	-39237.63	-22062.105	7321.1445	-14018.157	-39269.13	21891.021	71938.38	2860.5753071308136
76	-4255.352	2159.5596	-1631.5465	-9166.697	-7370.6797	2966.9915	-3221.1865	-11647.724	20.0	20.0	379999	-22002.951	7266.135	-14032.647	-39165.598	-22002.828	7266.4526	-14010.329	-39187.414	21838.521	69741.305	2890.4351410865784
77	-4617.443	2236.0603	-1596.246	-9266.978	-6706.6562	2816.31	-2764.4578	-10935.801	20.0	20.0	384999	-21961.697	7222.197	-14028.0	-39106.727	-21961.627	7222.451	-14055.01	-39110.703	21794.225	69672.91	2920.400015115738
78	-4545.759	2323.525	-1637.9398	-9341.717	-6730.082	3085.6697	-3113.332	-11720.813	20.0	20.0	389999	-21934.867	7177.591	-14098.478	-38915.01	-21934.768	7177.883	-14111.958	-38939.85	21769.934	67616.73	2950.451863050461
79	-4599.16	2336.3118	-1671.303	-9374.628	-8427.623	2366.4717	-2419.9583	-10819.28	20.0	20.0	394999	-21903.191	7130.33	-14136.298	-38896.133	-21903.078	7130.5845	-14115.802	-38888.47	21741.121	68481.52	2980.3725440502167
80	-4720.134	2314.8062	-1549.3289	-9236.913	-7223.5557	1994.2834	-4898.3857	-10126.855	20.0	20.0	399999	-21883.83	7090.3853	-14059.826	-38758.31	-21883.764	7090.6846	-14155.141	-38776.133	21725.725	69723.38	3009.673893928528
81	-4413.4453	2142.5225	-1618.9307	-9168.423	-6113.761	3190.082	-2173.0137	-11661.964	20.0	20.0	404999	-21852.414	7046.012	-14155.01	-38672.258	-21852.332	7046.272	-14238.148	-38702.637	21699.207	66658.78	3038.4941601753235
82	-4584.775	2225.0613	-1765.3672	-9416.373	-7593.6787	2365.4949	-3621.8494	-10462.252	20.0	20.0	409999	-21822.736	6999.112	-14118.356	-38605.312	-21822.65	6999.3403	-14215.287	-38620.81	21667.705	69881.48	3067.302536010742
83	-4876.704	2350.5095	-1717.0494	-9319.365	-6189.5957	2033.6808	-3043.4983	-9537.936	20.0	20.0	414999	-21820.809	6964.167	-14176.87	-38534.227	-21820.719	6964.405	-14239.362	-38544.36	21671.332	64714.508	3096.0507159233093
84	-4715.0054	2312.0378	-1764.6832	-9442.137	-7568.5845	2709.6143	-3307.256	-11383.706	20.0	20.0	419999	-21810.71	6924.8335	-14277.842	-38438.9	-21810.646	6925.075	-14246.366	-38488.617	21666.896	62030.516	3124.85857796669
85	-4494.5225	2289.1765	-1476.0809	-9533.904	-4924.204	2132.0034	-2568.0693	-9042.914	20.0	20.0	424999	-21802.215	6886.6978	-14332.619	-38405.55	-21802.152	6886.8926	-14362.2705	-38489.527	21660.111	62435.586	3153.7514939308167
86	-4397.1465	2270.5474	-1601.7703	-9624.008	-8215.781	3137.4146	-2471.7214	-11789.439	20.0	20.0	429999	-21776.578	6840.3843	-14342.179	-38292.54	-21776.514	6840.615	-14355.041	-38330.305	21627.996	62373.566	3182.60093998909
87	-4467.846	2093.6594	-1665.7068	-9412.437	-5331.554	2321.4465	-2375.2463	-9397.135	20.0	20.0	434999	-21755.053	6797.4126	-14336.143	-38262.67	-21755.006	6797.626	-14395.292	-38239.566	21618.145	62511.246	3215.762314081192
88	-4517.4326	2313.7156	-1754.4238	-9504.836	-7163.8306	1919.9762	-4255.404	-11584.631	20.0	20.0	439999	-21742.11	6752.975	-14332.926	-38143.773	-21742.04	6753.186	-14360.033	-38150.094	21607.367	60209.176	3249.0773701667786
89	-4635.764	2272.6448	-1639.6835	-9483.587	-8343.438	2423.8381	-3923.9941	-11696.224	20.0	20.0	444999	-21729.705	6716.2085	-14384.481	-38015.47	-21729.654	6716.391	-14409.23	-38088.363	21597.008	58709.992	3285.36616396904
90	-4486.398	2268.9097	-1676.6506	-9297.468	-5954.689	3519.905	-2237.692	-11141.416	20.0	20.0	449999	-21708.469	6675.051	-14413.693	-37979.742	-21708.412	6675.251	-14435.98	-38036.227	21573.85	59481.895	3326.0174400806427
91	-4534.5127	2320.1523	-1718.74	-9217.044	-6040.741	2251.5007	-3150.2244	-11061.95	20.0	20.0	454999	-21676.934	6624.4165	-14374.619	-37864.484	-21676.889	6624.607	-14430.36	-37892.016	21546.387	60538.754	3365.80038189888
92	-4778.454	2253.8445	-1729.984	-9419.848	-9236.44	2294.7073	-4841.239	-11565.975	20.0	20.0	459999	-21639.926	6573.1675	-14396.079	-37709.902	-21639.87	6573.3394	-14409.025	-37737.266	21510.762	62546.31	3402.531532049179
93	-4519.3667	2287.8286	-1696.5575	-9575.006	-7136.745	3123.6155	-2253.009	-11642.266	20.0	20.0	464999	-21606.748	6529.512	-14394.947	-37598.742	-21606.71	6529.666	-14374.442	-37622.0	21479.092	57177.273	3433.814614057541
94	-4430.45	2220.8323	-1634.5815	-9734.32	-6147.3237	3177.4329	-2049.9946	-10720.237	20.0	20.0	469999	-21566.566	6485.5337	-14409.624	-37491.105	-21566.506	6485.6724	-14452.119	-37546.793	21443.018	59434.234	3463.8447539806366
95	-4639.769	2281.1604	-1602.4474	-9170.312	-8871.17	2389.8174	-4597.936	-11905.271	20.0	20.0	474999	-21538.98	6448.097	-14376.67	-37380.938	-21538.95	6448.223	-14420.24	-37392.09	21416.889	58178.176	3493.9265520572662
96	-4202.5	2192.2747	-1609.7554	-9520.096	-6923.8877	3865.8083	-2097.2058	-11863.725	20.0	20.0	479999	-21494.08	6407.1357	-14366.537	-37264.715	-21494.035	6407.247	-14414.831	-37307.477	21380.691	59123.85	3523.9194750785828
97	-4604.3765	2208.1548	-1717.3394	-9466.305	-6820.3564	2709.5227	-3193.419	-11034.764	20.0	20.0	484999	-21448.348	6367.17	-14306.538	-37253.324	-21448.322	6367.329	-14381.076	-37266.65	21337.934	57768.434	3554.002961874008
98	-4428.8423	2160.675	-1716.6975	-9274.726	-7021.7554	2659.3198	-3477.2363	-11146.704	20.0	20.0	489999	-21393.031	6321.1104	-14338.214	-37013.902	-21393.004	6321.2134	-14395.672	-37042.824	21277.385	57144.68	3584.0791590213776
99	-4814.2217	2375.935	-1646.8606	-9269.465	-7717.7188	2106.1387	-3590.2556	-11571.983	20.0	20.0	494999	-21344.598	6275.6235	-14280.043	-36896.637	-21344.54	6275.7383	-14331.523	-36918.926	21228.238	56728.14	3615.6484961509705
100	-4286.7334	2214.2695	-1664.9546	-9131.966	-8526.358	2410.291	-3748.2227	-11483.636	20.0	20.0	499999	-21308.219	6235.347	-14184.0625	-36838.836	-21308.193	6235.4824	-14321.928	-36831.72	21202.102	53747.355	3645.8590772151947
101	-4586.097	2370.4275	-1698.023	-9366.061	-6246.1904	2596.8357	-2051.5518	-10806.8545	20.0	20.0	504999	-21263.984	6193.828	-14277.267	-36633.703	-21263.95	6193.936	-14296.981	-36664.543	21155.84	56644.17	3676.0344178676605
102	-4504.729	2320.4014	-1778.9152	-9325.23	-7384.8647	2584.905	-2367.1394	-11650.803	20.0	20.0	509999	-21215.016	6154.268	-14288.805	-36528.19	-21214.986	6154.396	-14307.06	-36545.824	21107.584	55175.086	3706.305449962616
103	-4198.7686	2093.7412	-1505.0812	-9112.268	-6201.462	2943.9143	-2520.08	-11427.897	20.0	20.0	514999	-21166.56	6108.083	-14187.55	-36443.992	-21166.543	6108.1963	-14243.927	-36483.16	21059.951	55907.266	3736.6023218631744
104	-4419.3184	2210.0042	-1696.1831	-9400.116	-6030.972	2707.7065	-2687.7148	-10371.848	20.0	20.0	519999	-21132.734	6073.2085	-14209.132	-36307.645	-21132.697	6073.325	-14252.58	-36318.344	21029.229	55016.027	3767.284013032913
105	-4671.086	2245.8877	-1682.2915	-9164.3	-7506.1865	2856.5105	-2460.5837	-10912.617	20.0	20.0	524999	-21084.322	6032.9014	-14167.745	-36182.004	-21084.29	6032.993	-14186.302	-36172.938	20984.182	54886.324	3797.6300411224365
106	-4553.6294	2231.2239	-1535.4811	-9159.088	-8068.3877	1892.3872	-4603.102	-10999.623	20.0	20.0	529999	-21057.373	5998.8237	-14245.16	-36056.594	-21057.365	5998.952	-14236.552	-36081.637	20959.447	55373.26	3828.112815141678
107	-4553.98	2213.6382	-1554.211	-9131.934	-6096.206	2843.9004	-2478.441	-11682.814	20.0	20.0	534999	-21023.625	5965.6064	-14202.485	-36060.582	-21023.58	5965.7056	-14223.926	-36010.215	20922.137	53674.004	3859.033264875412
108	-4803.2036	2275.6277	-1645.2778	-8850.523	-6971.1304	2464.994	-3618.095	-11819.451	20.0	20.0	539999	-21000.924	5932.294	-14236.348	-35918.902	-21000.91	5932.395	-14275.44	-35932.766	20907.412	53121.6	3889.410700082779
109	-4594.284	2218.4617	-1764.1755	-9062.63	-7468.288	2594.9194	-2278.5532	-10416.824	20.0	20.0	544999	-20973.023	5896.028	-14263.72	-35829.61	-20972.996	5896.1377	-14273.622	-35783.1	20878.396	53876.824	3919.6586549282074
110	-4401.3574	2194.6653	-1724.9005	-9423.609	-4540.036	1631.4955	-2149.3176	-7732.5317	20.0	20.0	549999	-20954.56	5872.6006	-14271.028	-35732.242	-20954.545	5872.673	-14286.428	-35746.07	20854.285	51664.93	3949.8949060440063
111	-4384.3936	2181.2964	-1750.3318	-9205.715	-7945.8423	2163.6401	-3969.4604	-11076.539	20.0	20.0	554999	-20925.639	5846.0615	-14247.374	-35723.133	-20925.621	5846.1514	-14273.441	-35751.574	20830.186	55976.51	3980.377263069153
112	-4459.1157	2259.4116	-1705.4071	-9293.044	-7387.357	2889.5725	-2581.321	-11171.289	20.0	20.0	559999	-20906.22	5819.6216	-14267.593	-35600.16	-20906.197	5819.7285	-14300.879	-35650.965	20816.104	52964.41	4010.8599469661713
113	-4691.4497	2271.3674	-1703.5294	-9877.052	-7233.8857	3059.559	-3774.9038	-11893.543	20.0	20.0	564999	-20884.367	5795.242	-14268.658	-35542.51	-20884.346	5795.3306	-14298.793	-35562.65	20794.861	54440.12	4041.841408967972
114	-4438.0186	2118.7893	-1625.1575	-9304.527	-7160.802	3130.3574	-2077.7358	-11754.273	20.0	20.0	569999	-20872.365	5775.4995	-14152.586	-35515.285	-20872.342	5775.576	-14295.91	-35544.78	20782.01	52893.8	4072.184526205063
115	-4718.2046	2223.7969	-1646.132	-9311.058	-5610.01	3047.7458	-2096.4463	-10656.777	20.0	20.0	574999	-20865.389	5756.1387	-14256.444	-35444.625	-20865.365	5756.2246	-14281.933	-35451.3	20777.934	53341.273	4102.489393949509
116	-4567.48	2204.0742	-1465.5303	-9698.646	-7949.587	2640.7942	-3223.9407	-11483.061	20.0	20.0	579999	-20856.785	5739.9688	-14294.165	-35511.8	-20856.72	5740.0503	-14301.653	-35463.855	20764.371	53980.05	4133.481469869614
117	-4705.535	2232.7468	-1596.9408	-9332.57	-6563.2944	3132.7324	-2540.86	-11511.985	20.0	20.0	584999	-20854.117	5718.4746	-14227.192	-35369.285	-20854.094	5718.5557	-14316.303	-35406.94	20769.068	54204.082	4164.124211072922
118	-4518.353	2183.9688	-1611.9989	-9343.128	-6774.354	3397.1367	-2176.6934	-11742.28	20.0	20.0	589999	-20848.809	5702.2163	-14303.184	-35323.84	-20848.814	5702.299	-14345.909	-35368.47	20760.977	52724.77	4194.676868200302
119	-4417.6504	2225.534	-1664.7179	-9307.998	-5686.0645	2411.8315	-2492.8367	-10065.298	20.0	20.0	594999	-20847.238	5687.5444	-14266.452	-35332.656	-20847.209	5687.629	-14358.385	-35382.832	20769.285	52624.344	4225.2518010139465
120	-4623.448	2337.3306	-1608.9358	-9455.044	-6409.051	2580.806	-1969.1536	-9084.489	20.0	20.0	599999	-20849.916	5674.923	-14317.739	-35279.395	-20849.908	5674.991	-14397.814	-35321.074	20770.205	53579.055	4255.878988027573
121	-4639.453	2191.9597	-1638.2982	-9295.459	-6544.033	2853.3188	-2089.3755	-11675.301	20.0	20.0	604999	-20850.582	5662.9155	-14309.189	-35273.477	-20850.555	5663.003	-14388.83	-35319.44	20773.229	52558.023	4286.556811094284
122	-4738.265	2258.0857	-1639.0972	-9067.306	-6643.835	3371.9878	-2124.444	-11900.781	20.0	20.0	609999	-20846.902	5648.1436	-14358.239	-35310.83	-20846.877	5648.221	-14378.876	-35321.973	20764.367	53074.215	4317.178191184998
123	-4585.446	2357.5208	-1577.9318	-10203.811	-6653.1743	3645.584	-1968.6744	-11742.054	20.0	20.0	614999	-20854.355	5634.421	-14430.589	-35259.06	-20854.34	5634.49	-14443.469	-35287.42	20775.014	50142.895	4347.7857348918915
124	-4656.327	2328.4204	-1647.9192	-9545.674	-7034.0312	2134.0906	-3668.3528	-11255.507	20.0	20.0	619999	-20860.406	5629.807	-14439.964	-35242.89	-20860.385	5629.884	-14467.848	-35278.223	20783.6	52787.902	4378.5347781181335
125	-4446.6685	2230.7017	-1738.3677	-9419.098	-7784.8555	2936.6348	-3126.6753	-11245.558	20.0	20.0	624999	-20861.648	5623.28	-14396.285	-35275.66	-20861.62	5623.3647	-14441.997	-35295.57	20785.496	54582.79	4409.14576792717
126	-4598.24	2185.1357	-1649.9111	-9338.481	-5498.1514	2151.1868	-2205.876	-8716.077	20.0	20.0	629999	-20864.014	5615.73	-14444.002	-35242.1	-20863.975	5615.814	-14472.881	-35290.145	20786.31	52322.113	4439.827484846115
127	-4530.336	2199.7617	-1676.1567	-9309.13	-6291.654	3789.394	-1987.3833	-11651.032	20.0	20.0	634999	-20866.771	5608.536	-14424.305	-35270.61	-20866.762	5608.5996	-14497.2	-35344.918	20788.535	51110.152	4470.4033370018005
128	-4362.194	2242.4878	-1629.0494	-9128.408	-5691.9385	3013.883	-2798.8171	-10185.556	20.0	20.0	639999	-20866.049	5605.1504	-14443.647	-35246.47	-20866.04	5605.2163	-14426.89	-35286.05	20792.758	52358.004	4500.9453320503235
129	-4617.388	2283.0193	-1734.5139	-9486.23	-8189.948	2646.9812	-3564.1057	-11859.4	20.0	20.0	644999	-20882.607	5602.9053	-14436.626	-35249.87	-20882.592	5602.9756	-14468.508	-35302.668	20811.154	53639.113	4531.5855140686035
130	-4522.964	2154.3774	-1697.4822	-9366.389	-6746.111	3017.7441	-3317.6511	-11145.948	20.0	20.0	649999	-20890.11	5596.8066	-14420.37	-35296.297	-20890.117	5596.868	-14495.64	-35360.773	20821.229	52020.375	4562.26482796669
131	-4532.047	2334.6392	-1692.7289	-9122.126	-6255.7275	2409.4563	-3065.4858	-11276.55	20.0	20.0	654999	-20899.56	5598.568	-14484.29	-35278.984	-20899.55	5598.635	-14498.032	-35306.93	20832.299	52609.8	4592.873605966568
132	-4548.153	2206.0151	-1628.0922	-9183.97	-6328.757	2337.4563	-2352.0876	-10333.414	20.0	20.0	659999	-20906.8	5591.4443	-14507.788	-35309.562	-20906.809	5591.509	-14508.465	-35335.01	20841.639	51746.145	4629.1489589214325
133	-4591.3906	2241.176	-1777.2258	-9462.231	-5857.907	3309.0266	-2193.0823	-11209.117	20.0	20.0	664999	-20914.281	5593.605	-14483.75	-35326.0	-20914.25	5593.6616	-14538.149	-35351.742	20845.111	52536.242	4660.3411610126495
134	-4467.052	2220.13	-1675.3961	-8809.385	-7987.181	3182.9858	-2131.222	-11859.11	20.0	20.0	669999	-20911.867	5590.64	-14501.794	-35411.76	-20911.854	5590.6997	-14529.977	-35374.895	20845.29	50608.66	4691.186905145645
135	-4498.702	2148.6096	-1560.2986	-9400.827	-7384.482	2655.5442	-3322.9897	-11050.785	20.0	20.0	674999	-20917.598	5593.4634	-14524.851	-35399.49	-20917.586	5593.5283	-14541.334	-35434.16	20854.436	51812.254	4721.901542901993
136	-4772.9194	2294.1514	-1720.0878	-9407.706	-6978.103	2416.2883	-3275.4124	-10667.596	20.0	20.0	679999	-20925.73	5598.8433	-14487.343	-35405.316	-20925.713	5598.8926	-14453.619	-35472.195	20862.635	52694.547	4752.585668087006
137	-4875.804	2303.9797	-1700.6727	-9792.378	-8231.053	2999.1848	-2783.7903	-11049.441	20.0	20.0	684999	-20935.92	5599.6826	-14475.395	-35409.547	-20935.898	5599.762	-14535.694	-35397.082	20870.34	53347.953	4783.001701831818
138	-4309.1606	2149.3245	-1532.988	-9293.554	-7017.339	3396.6436	-2545.149	-11905.183	20.0	20.0	689999	-20950.045	5598.218	-14502.424	-35429.996	-20950.021	5598.269	-14515.648	-35451.477	20891.684	51834.645	4813.646464109421
139	-4615.334	2286.208	-1612.9418	-9510.554	-7064.6953	3018.7183	-2345.5483	-10939.204	20.0	20.0	694999	-20961.807	5597.265	-14473.746	-35469.516	-20961.795	5597.334	-14469.989	-35510.98	20894.686	51905.137	4844.468216180801
140	-4578.572	2255.5796	-1711.9574	-9170.122	-6602.897	2643.0615	-2581.393	-10483.577	20.0	20.0	699999	-20958.59	5598.594	-14541.808	-35424.434	-20958.574	5598.6416	-14564.743	-35438.117	20896.256	50506.414	4875.405037164688
141	-4591.261	2220.4673	-1581.5563	-9141.68	-8247.753	2141.0789	-4961.806	-11564.946	20.0	20.0	704999	-20963.21	5598.4414	-14549.672	-35444.49	-20963.21	5598.502	-14569.804	-35460.625	20904.217	49171.348	4906.241236925125
142	-4502.242	2282.076	-1678.3083	-9405.112	-8045.6055	2849.1177	-2096.4956	-11779.964	20.0	20.0	709999	-20968.807	5597.6504	-14538.886	-35465.598	-20968.803	5597.708	-14575.572	-35481.164	20907.422	53358.133	4937.124240159988
143	-4521.137	2377.5552	-1747.4976	-9865.512	-8686.67	2455.3342	-3408.894	-11719.545	20.0	20.0	714999	-20976.078	5593.6323	-14528.052	-35456.062	-20976.068	5593.6816	-14569.865	-35454.164	20912.78	51920.035	4968.691509008408
144	-4710.115	2259.4536	-1529.1917	-9536.475	-6371.464	2259.0703	-3693.418	-10693.401	20.0	20.0	719999	-20974.53	5597.2617	-14559.316	-35456.617	-20974.52	5597.31	-14560.791	-35473.02	20921.73	51537.887	4999.6000781059265
145	-4746.016	2380.3289	-1548.6658	-9361.789	-6784.056	1107.9126	-5478.071	-9230.794	20.0	20.0	724999	-20978.098	5594.1533	-14530.878	-35449.832	-20978.076	5594.2104	-14560.393	-35443.496	20921.564	52901.465	5030.523747205734
146	-4710.884	2287.159	-1647.4384	-9140.025	-5186.226	2537.7007	-2615.4536	-9925.184	20.0	20.0	729999	-20981.299	5593.897	-14562.31	-35509.613	-20981.28	5593.953	-14599.424	-35486.074	20925.793	52308.605	5061.445965051651
147	-4380.613	2106.379	-1696.3065	-9277.434	-7356.6104	2381.2725	-3536.331	-11563.753	20.0	20.0	734999	-20993.826	5593.9204	-14572.344	-35495.867	-20993.838	5593.964	-14603.16	-35517.145	20935.828	51518.62	5092.20707988739
148	-4490.677	2205.3142	-1579.4601	-9403.785	-6188.9844	2487.3257	-2159.0122	-11083.675	20.0	20.0	739999	-20993.62	5591.9844	-14597.654	-35510.61	-20993.61	5592.021	-14637.596	-35528.996	20943.34	50284.24	5123.015879869461
149	-4534.3	2297.7659	-1358.687	-9619.957	-6462.4395	2828.4875	-2168.647	-10175.992	20.0	20.0	744999	-21001.74	5587.3843	-14611.665	-35545.47	-21001.725	5587.4297	-14639.421	-35539.895	20949.77	50238.39	5155.2391521930695
150	-4467.547	2230.192	-1578.3026	-9518.423	-6455.423	2697.9382	-3201.2466	-11566.791	20.0	20.0	749999	-20999.854	5581.9624	-14572.135	-35520.176	-20999.85	5582.002	-14654.889	-35513.918	20945.463	50951.258	5186.06982088089
151	-4315.359	2147.1155	-1676.6025	-9679.846	-5982.3496	3154.765	-2109.1394	-11601.04	20.0	20.0	754999	-20999.002	5581.545	-14648.16	-35552.734	-20999.0	5581.5576	-14660.157	-35555.125	20949.553	51848.023	5216.875627994537
152	-4575.186	2219.1846	-1535.7648	-9321.309	-6402.8374	3166.9717	-2411.8894	-11592.662	20.0	20.0	759999	-21002.68	5586.0396	-14583.541	-35584.543	-21002.658	5586.0654	-14621.628	-35623.35	20952.947	49341.066	5247.92772603035
153	-4570.89	2257.509	-1727.3611	-9548.578	-6081.124	2568.819	-2091.3423	-11207.985	20.0	20.0	764999	-21004.908	5589.797	-14598.083	-35582.496	-21004.93	5589.8193	-14642.249	-35533.3	20952.07	48168.77	5278.92483997345
154	-4245.252	2150.6582	-1713.0051	-9317.515	-5717.2764	3114.5864	-1981.2532	-10748.097	20.0	20.0	769999	-21001.248	5594.632	-14585.46	-35570.64	-21001.254	5594.6465	-14631.729	-35571.176	20952.998	51076.355	5310.25586104393
155	-4524.0415	2227.8237	-1716.4639	-9183.55	-6064.939	3028.0273	-2541.296	-11929.063	20.0	20.0	774999	-21000.959	5603.0913	-14546.312	-35551.426	-21000.96	5603.131	-14617.356	-35549.355	20945.879	51324.504	5341.389662981033
156	-4537.4136	2243.1401	-1644.8237	-9337.688	-7673.1094	3097.591	-2949.5618	-11416.66	20.0	20.0	779999	-21005.64	5612.0845	-14558.313	-35558.883	-21005.645	5612.1294	-14625.147	-35566.773	20954.686	48826.55	5372.581255912781
157	-4350.87	2157.5425	-1650.6871	-9119.482	-7357.095	2238.3796	-4763.3003	-10712.975	20.0	20.0	784999	-21003.686	5619.301	-14544.115	-35657.1	-21003.688	5619.332	-14516.445	-35686.24	20958.002	51914.58	5403.708853960037
158	-4391.995	2233.034	-1650.5383	-9288.481	-7509.7803	3247.5234	-1969.6538	-11587.587	20.0	20.0	789999	-21005.062	5625.7495	-14564.051	-35570.734	-21005.041	5625.782	-14541.834	-35579.25	20954.807	49340.996	5434.8150000572205
159	-4650.074	2220.5347	-1669.1515	-8863.339	-8087.603	2707.1377	-2314.7673	-11274.35	20.0	20.0	794999	-21011.0	5633.3047	-14547.299	-35601.953	-21010.988	5633.342	-14524.537	-35629.21	20963.584	52270.047	5465.9484260082245
160	-4637.736	2255.2278	-1632.196	-9179.202	-5843.9546	3155.0312	-2032.5284	-10517.291	20.0	20.0	799999	-21004.365	5638.866	-14434.5205	-35611.19	-21004.377	5638.911	-14551.216	-35605.754	20961.66	53996.914	5497.077761173248
161	-4580.585	2174.8247	-1606.514	-9181.149	-6873.768	2127.8147	-3346.6924	-10482.881	20.0	20.0	804999	-21000.111	5641.9185	-14501.938	-35603.145	-21000.11	5641.9673	-14508.603	-35562.25	20955.402	49428.31	5528.175644874573
162	-4290.129	2180.9358	-1558.4451	-9075.409	-5604.0195	1911.224	-1993.0662	-9132.22	20.0	20.0	809999	-20999.08	5642.2197	-14489.574	-35640.242	-20999.055	5642.248	-14529.6875	-35604.83	20958.416	51852.16	5559.417056083679
163	-4491.914	2265.719	-1761.2421	-9730.348	-8246.236	2649.0317	-3423.9	-11520.326	20.0	20.0	814999	-20994.102	5646.26	-14484.624	-35576.99	-20994.09	5646.3076	-14494.155	-35586.223	20948.297	51174.098	5590.650964021683
164	-4612.218	2230.2117	-1561.0942	-9724.513	-6421.7476	2408.7651	-2950.5344	-10334.315	20.0	20.0	819999	-20996.568	5647.353	-14518.993	-35606.707	-20996.568	5647.38	-14534.779	-35581.668	20956.146	49873.367	5621.833544969559
165	-4476.8374	2136.7292	-1678.3931	-9248.128	-7022.263	2692.2107	-2123.8662	-10385.994	20.0	20.0	824999	-20991.744	5647.163	-14511.118	-35638.766	-20991.754	5647.202	-14502.426	-35620.645	20956.562	50110.84	5653.055552005768
166	-4468.259	2222.3022	-1636.9669	-9595.369	-6276.9556	3222.7278	-2860.8743	-11893.646	20.0	20.0	829999	-20990.266	5647.8037	-14517.784	-35581.28	-20990.252	5647.839	-14524.344	-35575.29	20944.385	49247.426	5684.2660620212555
167	-4626.63	2258.4934	-1560.4983	-9457.247	-5951.5234	2549.443	-2255.0845	-10773.221	20.0	20.0	834999	-20994.088	5649.6465	-14386.167	-35624.31	-20994.076	5649.693	-14489.241	-35601.117	20955.598	50909.305	5715.682245254517
168	-4211.246	2149.4016	-1478.0164	-9347.357	-6995.925	3112.8047	-2873.9646	-11751.232	20.0	20.0	839999	-20986.627	5646.1626	-14424.264	-35622.336	-20986.61	5646.1865	-14472.804	-35671.438	20949.527	51796.125	5746.912345170975
169	-4430.677	2226.247	-1693.5712	-9115.56	-7155.3438	2452.7827	-2608.2227	-11385.7	20.0	20.0	844999	-20977.902	5641.8535	-14493.941	-35562.137	-20977.9	5641.897	-14475.759	-35553.598	20937.861	50487.676	5778.139843225479
170	-4469.53	2302.6519	-1665.9612	-9921.232	-7885.224	2734.2761	-3277.4941	-11120.259	20.0	20.0	849999	-20970.523	5634.1772	-14510.024	-35606.414	-20970.533	5634.2017	-14514.016	-35645.484	20931.018	49284.875	5809.458559989929
171	-4569.654	2270.3953	-1660.8624	-9244.548	-7077.31	2469.7185	-3008.9119	-10218.891	20.0	20.0	854999	-20974.455	5638.0376	-14445.357	-35582.84	-20974.46	5638.071	-14500.705	-35596.3	20935.518	50904.81	5841.547887086868
172	-4577.7715	2314.4775	-1693.555	-9230.707	-6874.996	2624.4675	-2657.8906	-11419.391	20.0	20.0	859999	-20975.072	5636.24	-14479.07	-35542.953	-20975.053	5636.2773	-14512.244	-35542.465	20941.535	50779.375	5873.726884126663
173	-4479.592	2247.9792	-1634.5328	-9093.453	-7817.501	2531.249	-2852.3381	-11685.153	20.0	20.0	864999	-20975.926	5638.051	-14473.211	-35545.844	-20975.941	5638.0815	-14490.198	-35578.69	20945.99	47465.285	5904.964651107788
174	-4374.574	2247.128	-1722.1768	-9645.285	-7503.206	2640.16	-3198.6338	-11414.452	20.0	20.0	869999	-20983.137	5639.277	-14476.351	-35545.27	-20983.12	5639.3047	-14498.318	-35523.72	20945.139	51920.79	5936.821728944778
175	-4488.014	2286.5505	-1675.0736	-9258.099	-8435.625	2745.7673	-4224.2773	-11774.066	20.0	20.0	874999	-20983.676	5639.574	-14459.425	-35566.105	-20983.688	5639.6226	-14494.619	-35570.37	20950.996	49429.402	5968.084494113922
176	-4630.1494	2347.4885	-1654.2463	-9686.181	-6943.0703	3109.2773	-2884.5676	-11016.498	20.0	20.0	879999	-20976.703	5638.94	-14465.289	-35530.793	-20976.7	5638.959	-14494.344	-35523.82	20941.645	49863.25	5999.486511230469
177	-4532.891	2176.7786	-1699.7373	-9173.2705	-7333.9517	2186.557	-2648.0217	-9596.674	20.0	20.0	884999	-20981.3	5643.292	-14447.216	-35535.844	-20981.303	5643.3423	-14478.534	-35540.23	20947.453	50975.297	6030.786448955536
178	-4411.0625	2175.0203	-1739.8907	-9246.211	-8133.9165	2413.5583	-3244.0623	-11663.872	20.0	20.0	889999	-20978.389	5641.9883	-14470.201	-35587.098	-20978.39	5642.0015	-14508.263	-35598.188	20940.146	52485.605	6062.177043914795
179	-4289.7	2167.9731	-1642.3339	-9222.927	-6893.8853	2535.863	-2312.3396	-11889.414	20.0	20.0	894999	-20975.475	5640.2485	-14450.363	-35563.56	-20975.49	5640.2817	-14493.197	-35546.375	20938.258	50988.66	6094.183469057083
180	-4262.6846	2283.3188	-1552.47	-9476.791	-7652.21	3604.266	-3180.8364	-11778.559	20.0	20.0	899999	-20981.41	5639.1973	-14494.638	-35526.254	-20981.404	5639.238	-14529.5205	-35516.168	20949.111	50999.29	6125.619125127792
181	-4640.819	2236.482	-1651.7963	-9061.7295	-7823.7686	2738.1084	-4409.748	-11442.056	20.0	20.0	904999	-20980.785	5636.096	-14447.513	-35641.05	-20980.76	5636.133	-14489.347	-35603.344	20948.898	49017.875	6157.120208978653
182	-4481.379	2313.042	-1713.4066	-9263.422	-8304.935	2818.8992	-3580.3784	-10847.13	20.0	20.0	909999	-20984.232	5638.481	-14490.065	-35604.74	-20984.225	5638.5117	-14517.842	-35601.176	20954.01	49645.434	6188.766625165939
183	-4453.274	2245.903	-1655.028	-9812.702	-7698.5576	3372.0708	-2287.6697	-11216.114	20.0	20.0	914999	-20987.697	5635.912	-14477.53	-35568.7	-20987.678	5635.948	-14495.188	-35610.43	20954.387	50287.113	6220.489275932312
184	-4722.371	2243.4102	-1640.481	-9500.823	-5243.3076	3041.6816	-2120.132	-10949.869	20.0	20.0	919999	-20976.527	5639.3057	-14484.555	-35620.1	-20976.535	5639.344	-14476.823	-35593.723	20947.021	49863.94	6251.983588218689
185	-4432.6177	2213.0283	-1594.2363	-9353.264	-7514.9897	2110.951	-4315.7075	-10490.992	20.0	20.0	924999	-20975.816	5636.603	-14472.25	-35543.875	-20975.8	5636.647	-14520.1875	-35547.258	20946.332	50497.688	6283.6201910972595
186	-4532.5464	2252.9778	-1823.5751	-9293.096	-5950.941	3052.2368	-2189.2605	-10335.504	20.0	20.0	929999	-20977.338	5631.204	-14455.433	-35540.473	-20977.354	5631.218	-14501.764	-35528.492	20949.744	49553.344	6314.9155259132385
187	-4743.6177	2265.412	-1553.1704	-9731.133	-6981.539	1925.4073	-3267.1672	-9884.438	20.0	20.0	934999	-20981.258	5627.9917	-14437.788	-35611.723	-20981.256	5628.0215	-14473.1455	-35608.066	20952.156	49683.48	6346.604775905609
188	-4334.78	2217.569	-1700.7091	-9540.596	-6132.1475	3024.3184	-1974.1976	-10484.298	20.0	20.0	939999	-20986.227	5629.147	-14478.496	-35536.113	-20986.215	5629.1875	-14502.7705	-35560.184	20958.457	49166.055	6379.12570810318
189	-4542.612	2225.0364	-1652.535	-8957.887	-8304.873	1945.7303	-4947.088	-11901.553	20.0	20.0	944999	-20983.21	5627.4473	-14520.153	-35556.906	-20983.191	5627.479	-14502.922	-35542.062	20954.076	48326.61	6410.705049037933
190	-4342.6704	2202.5364	-1583.5319	-9280.364	-8080.4756	2120.7114	-4240.482	-11316.612	20.0	20.0	949999	-20988.037	5627.0986	-14515.705	-35558.66	-20988.027	5627.1455	-14529.193	-35563.133	20962.324	49152.785	6442.266486167908
191	-4505.198	2183.3708	-1766.7283	-9797.036	-6291.4717	2299.6118	-3051.2297	-9918.683	20.0	20.0	954999	-20988.945	5628.602	-14519.271	-35560.562	-20988.934	5628.6484	-14524.49	-35527.32	20963.348	49603.93	6473.799488067627
192	-4465.254	2219.0796	-1736.3715	-9393.826	-8137.6445	2568.3127	-2674.2563	-11913.739	20.0	20.0	959999	-20988.793	5625.4688	-14503.327	-35613.88	-20988.77	5625.5117	-14528.782	-35582.414	20963.99	50030.516	6505.396894931793
193	-4456.803	2198.8528	-1637.3712	-9278.981	-6349.1655	3063.961	-2269.2925	-11080.099	20.0	20.0	964999	-20986.945	5622.734	-14542.29	-35570.887	-20986.94	5622.756	-14530.551	-35574.746	20963.025	52400.84	6537.079476118088
194	-4458.148	2232.3728	-1600.1104	-9290.351	-8337.518	2359.1116	-4088.0234	-11195.236	20.0	20.0	969999	-20989.904	5619.437	-14539.065	-35554.8	-20989.895	5619.49	-14567.173	-35564.805	20970.031	50485.246	6568.995476961136
195	-4515.0537	2199.188	-1570.349	-9540.615	-6987.475	2353.0713	-3575.1904	-10507.191	20.0	20.0	974999	-20986.51	5617.2485	-14496.195	-35581.18	-20986.482	5617.2817	-14536.085	-35568.734	20960.36	48165.69	6600.643376111984
196	-4581.1904	2320.511	-1665.2627	-9735.161	-6982.7915	3322.8677	-2793.714	-11716.989	20.0	20.0	979999	-20997.312	5615.81	-14561.542	-35562.324	-20997.281	5615.8394	-14551.995	-35578.332	20975.258	49059.016	6632.393180847168
197	-4363.1963	2309.5764	-1518.6798	-9383.132	-7681.147	2903.2832	-3137.243	-11844.958	20.0	20.0	984999	-20995.078	5610.402	-14570.581	-35585.22	-20995.072	5610.437	-14585.125	-35590.723	20967.744	48328.273	6664.101060152054
198	-4712.7856	2268.3955	-1650.1156	-9136.2705	-8017.513	2765.8506	-2223.9053	-11603.413	20.0	20.0	989999	-21005.07	5611.963	-14581.899	-35597.266	-21005.047	5612.0024	-14529.651	-35608.082	20983.568	48738.87	6695.237267971039
199	-4601.809	2251.8096	-1534.9296	-9054.742	-7464.7227	2576.409	-2241.6094	-10452.234	20.0	20.0	994999	-21006.447	5609.6274	-14528.648	-35612.24	-21006.432	5609.6597	-14541.06	-35616.195	20981.615	48218.594	6725.611356973648
200	-4586.1	2265.3271	-1660.2393	-9438.324	-7418.9385	2633.1406	-4537.7686	-11868.035	20.0	20.0	999999	-21007.78	5612.643	-14546.435	-35616.67	-21007.781	5612.6807	-14566.186	-35646.473	20986.943	48992.49	6756.005671977997
