Epoch	AverageEpRet	StdEpRet	MaxEpRet	MinEpRet	AverageTestEpRet	StdTestEpRet	MaxTestEpRet	MinTestEpRet	EpLen	TestEpLen	TotalEnvInteracts	AverageQ1Vals	StdQ1Vals	MaxQ1Vals	MinQ1Vals	AverageQ2Vals	StdQ2Vals	MaxQ2Vals	MinQ2Vals	LossPi	LossQ	Time
1	-174353.28	27291.875	-130993.77	-228304.23	-219937.45	18670.963	-185592.22	-246387.08	180.0	180.0	4999	-1687.8003	683.5984	413.13406	-5889.336	-1689.778	681.6601	33.094135	-5829.149	816.2989	108603.86	27.203624963760376
2	-173128.0	25357.027	-132981.69	-213290.66	-193516.55	26219.668	-159859.66	-247231.2	180.0	180.0	9999	-1304.7137	790.33105	609.92957	-6266.4917	-1304.711	790.33704	640.2112	-6258.6724	277.4486	29552.145	59.96888303756714
3	-183071.33	25428.684	-130203.71	-221639.77	-208414.88	24533.797	-174188.72	-244535.17	180.0	180.0	14999	-986.02985	711.1685	2235.5862	-6121.4126	-985.9883	711.1736	2228.9062	-6129.1216	-33.80875	25221.812	93.13558888435364
4	-165342.9	24881.559	-128915.58	-213294.97	-193051.78	25125.77	-159358.39	-246428.2	180.0	180.0	19999	-762.80695	791.1447	3285.1702	-5683.6187	-762.8213	791.1141	3255.154	-5779.37	-251.5309	22440.22	126.409836769104
5	-174084.17	25144.049	-134443.2	-223412.73	-209946.9	30201.52	-162085.53	-245946.2	180.0	180.0	24999	-656.1602	881.61304	3862.718	-4787.632	-656.1778	881.6362	3826.86	-4786.584	-350.4559	21673.113	159.64604496955872
6	-173217.77	24504.854	-132182.83	-221674.14	-205572.67	21759.13	-169168.4	-231075.73	180.0	180.0	29999	-625.7854	971.5373	4441.354	-4663.2104	-625.81726	971.5011	4382.957	-4662.116	-382.61896	22320.617	192.62468886375427
7	-187411.34	25212.57	-138164.55	-225022.31	-211865.2	25843.594	-162840.08	-246409.45	180.0	180.0	34999	-624.44727	1039.431	4702.1577	-4946.679	-624.4574	1039.4034	4577.6553	-4949.083	-388.35312	23008.01	226.7697081565857
8	-173549.23	27275.137	-133665.52	-221991.4	-202752.8	17794.098	-170790.67	-233722.66	180.0	180.0	39999	-626.619	1071.5189	4746.9404	-5167.0938	-626.6167	1071.5061	4721.4175	-5156.03	-388.28528	24271.229	260.63144993782043
9	-175537.66	29355.049	-129986.33	-220772.03	-189214.97	19034.969	-160896.42	-219666.73	180.0	180.0	44999	-633.47046	1104.592	4817.3506	-5320.813	-633.47266	1104.5814	4780.9595	-5282.701	-381.5859	24732.496	293.753968000412
10	-178052.02	24612.227	-136020.78	-216552.56	-192501.45	24942.727	-161203.75	-242137.86	180.0	180.0	49999	-638.74677	1117.5487	4794.79	-5411.72	-638.75507	1117.5328	4754.3022	-5415.183	-376.72574	24189.223	326.9521749019623
11	-177559.6	25269.002	-137383.73	-217976.06	-206973.2	31573.414	-162472.39	-249015.88	180.0	180.0	54999	-633.8722	1121.6992	4782.168	-5376.7305	-633.874	1121.679	4716.6978	-5401.2	-385.23962	24975.021	360.25879192352295
12	-171971.11	21492.549	-137064.81	-218823.36	-202058.08	22828.244	-166662.69	-242561.22	180.0	180.0	59999	-614.38354	1128.3627	4691.6646	-5335.4287	-614.383	1128.3558	4715.454	-5385.3135	-405.39032	24627.52	393.5008430480957
13	-173750.98	24631.377	-132890.8	-227077.64	-207474.11	27363.295	-168352.34	-241315.9	180.0	180.0	64999	-592.8856	1134.808	4758.449	-5236.778	-592.88885	1134.7843	4748.936	-5312.456	-425.0524	24462.803	426.58341884613037
14	-177274.08	30283.176	-124355.1	-225574.64	-201063.05	21769.846	-165100.8	-231839.16	180.0	180.0	69999	-587.99304	1139.52	4762.644	-5140.94	-587.9998	1139.5154	4739.927	-5195.2354	-430.12006	24704.21	459.8317220211029
15	-177675.58	22462.775	-135408.06	-223834.2	-214412.08	19685.059	-179360.27	-235829.52	180.0	180.0	74999	-577.05334	1149.0336	4773.25	-5106.0356	-577.0467	1149.0337	4785.3926	-5225.047	-442.0586	25108.107	493.2042770385742
16	-183585.5	29042.674	-130173.195	-223283.9	-209483.47	31136.17	-160340.66	-247689.95	180.0	180.0	79999	-563.6618	1168.2147	4891.6577	-5045.387	-563.6598	1168.2095	4887.7744	-5064.3047	-459.1368	25601.469	526.8272960186005
17	-175683.3	27587.973	-138322.64	-217941.19	-200778.88	18667.857	-174811.66	-226638.27	180.0	180.0	84999	-556.90125	1201.1359	5091.1807	-4993.6353	-556.90857	1201.125	5064.455	-5014.89	-470.6007	26751.658	559.9281668663025
18	-179891.22	25010.78	-127912.734	-213515.78	-203955.4	18784.25	-164438.9	-229195.45	180.0	180.0	89999	-533.41974	1248.114	5514.635	-5078.673	-533.4313	1248.0735	5475.7393	-5147.2617	-497.7966	28027.846	593.1247940063477
19	-168593.73	27411.725	-126407.19	-221807.48	-198072.5	32958.5	-161004.84	-246303.16	180.0	180.0	94999	-500.363	1334.7965	6133.368	-5178.6987	-500.3692	1334.7672	6162.2866	-5223.021	-534.8533	28664.42	626.6698849201202
20	-171470.23	28020.633	-131778.39	-219300.3	-203874.12	28495.291	-160470.58	-235774.55	180.0	180.0	99999	-471.23795	1448.3806	6745.2666	-5319.908	-471.2387	1448.36	6727.9956	-5316.6074	-565.6215	30215.395	659.6828141212463
21	-115846.89	22136.758	-88102.47	-171473.22	-209674.98	25268.178	-163716.64	-246236.48	180.0	180.0	104999	-1348.6705	1885.6927	7134.525	-12728.164	-1348.5281	1885.8767	7247.709	-12852.898	486.85226	44413.246	695.2996618747711
22	-110235.195	19124.15	-86027.79	-147593.94	-199143.66	18753.025	-171170.97	-229516.44	180.0	180.0	109999	-6461.7017	3410.7742	5470.5186	-24833.123	-6461.154	3411.0195	5362.4727	-24415.531	6021.047	216061.55	730.1698229312897
23	-108142.95	20128.168	-85927.016	-152053.06	-207453.6	29694.588	-160603.84	-244748.77	180.0	180.0	114999	-13613.822	4327.524	1202.8684	-32899.47	-13613.663	4327.498	1464.3479	-32888.277	13299.388	367971.5	765.1112949848175
24	-114724.875	21905.912	-88788.34	-151428.9	-186492.84	20403.91	-165396.7	-237674.3	180.0	180.0	119999	-20474.334	4871.9736	-3867.2783	-40413.266	-20473.969	4873.132	-3808.4658	-40179.684	20200.607	344360.72	800.2307798862457
25	-114089.3	21862.105	-89124.086	-149309.17	-213150.5	28273.904	-160252.4	-243603.88	180.0	180.0	124999	-26844.494	5345.446	-11999.096	-47312.094	-26844.262	5346.463	-11705.201	-47487.68	26580.889	381051.8	837.2979111671448
26	-110567.3	16455.021	-83991.21	-143540.05	-196307.58	23123.418	-165789.31	-226432.98	180.0	180.0	129999	-32458.22	5892.4146	-18318.148	-54165.734	-32457.975	5893.6255	-18114.725	-54546.367	32191.367	408021.03	872.449156999588
27	-108457.23	17366.168	-86947.58	-148384.66	-164355.92	21885.088	-128805.13	-188708.69	180.0	180.0	134999	-37199.242	6440.245	-22146.426	-76188.79	-37199.254	6440.774	-22030.828	-79289.72	36880.645	431453.7	907.7275111675262
28	-119060.44	22155.686	-79046.57	-156161.88	-178199.55	26823.13	-137818.3	-209632.39	180.0	180.0	139999	-39814.594	6361.525	-25122.596	-79585.625	-39814.9	6359.7705	-25185.203	-79356.42	39380.14	297950.94	943.3395059108734
29	-118360.01	20309.186	-76012.664	-147149.88	-168822.73	22590.16	-140228.69	-207093.98	180.0	180.0	144999	-42371.035	5642.02	-26556.617	-76866.734	-42371.258	5640.4307	-25936.014	-78400.73	42055.188	341332.44	978.3159420490265
30	-114521.93	19913.701	-76997.695	-151697.23	-212219.7	22370.67	-169715.14	-244812.73	180.0	180.0	149999	-44440.227	5201.9863	-28654.578	-100470.305	-44440.16	5201.9565	-29197.035	-99483.64	44098.777	468377.03	1013.7268800735474
31	-101087.484	8875.257	-83094.13	-116193.74	-195925.16	26817.814	-162874.81	-236654.72	180.0	180.0	154999	-47095.836	4573.031	-30552.568	-87193.73	-47095.746	4573.603	-31576.65	-85100.27	46754.445	522485.88	1048.8412070274353
32	-109211.086	14139.084	-87307.33	-147211.47	-167200.08	21825.652	-134368.05	-212094.17	180.0	180.0	159999	-48789.746	3921.916	-24483.242	-75313.97	-48789.754	3922.6956	-25111.582	-74924.03	48396.957	421293.9	1084.932459115982
33	-101797.586	7976.789	-88822.26	-114108.23	-197389.52	17898.533	-173567.19	-230832.53	180.0	180.0	164999	-50476.688	3590.2039	-18459.361	-72490.4	-50476.582	3591.7168	-18577.014	-71400.97	50152.836	409139.25	1120.834711074829
34	-101795.2	8399.571	-85624.51	-118213.21	-197663.73	22991.957	-169366.47	-239447.58	180.0	180.0	169999	-51616.19	3367.0232	-17945.008	-75352.9	-51616.168	3367.0703	-17811.273	-73799.22	51216.027	489426.38	1156.960504770279
35	-104016.5	12088.606	-81933.625	-125809.65	-201494.25	20941.627	-169057.36	-229460.97	180.0	180.0	174999	-53098.14	3332.697	-23609.11	-75217.36	-53098.074	3334.737	-22475.268	-74468.25	52747.617	562186.1	1193.3799970149994
36	-97433.945	10120.365	-78385.03	-116104.44	-199688.0	25609.5	-161749.78	-242082.3	180.0	180.0	179999	-54749.324	3215.8323	-31533.434	-74901.5	-54749.285	3218.4038	-30782.244	-75107.836	54423.91	536696.4	1229.2753529548645
37	-98671.12	8965.365	-84996.49	-114336.266	-203310.92	16406.217	-180335.61	-234113.48	180.0	180.0	184999	-56246.113	3384.407	-39153.453	-75999.664	-56246.152	3384.9707	-38790.12	-76733.82	55937.465	506882.47	1265.049160003662
38	-100316.18	8034.631	-88965.75	-117638.67	-214311.16	17514.578	-179460.08	-240796.8	180.0	180.0	189999	-57561.68	3572.6921	-45465.902	-78318.87	-57561.82	3572.0266	-45077.844	-78905.414	57269.594	493932.9	1300.6303958892822
39	-97556.58	7976.5293	-80950.71	-110765.47	-190978.16	23524.314	-161098.5	-227869.5	180.0	180.0	194999	-58664.203	3669.5361	-50114.13	-80152.59	-58664.137	3668.9214	-49311.13	-80622.65	58385.863	477930.1	1336.3546409606934
40	-100210.68	13507.207	-81282.68	-138119.73	-200574.52	19959.12	-168245.17	-230212.39	180.0	180.0	199999	-59536.887	3688.5017	-51013.64	-80529.17	-59536.86	3688.2405	-51039.137	-80765.54	59254.438	456221.44	1372.5303890705109
41	-103962.37	11546.003	-86397.65	-132134.58	-204112.97	20367.307	-172718.2	-242757.4	180.0	180.0	204999	-59996.72	3703.616	-47718.348	-79441.23	-59996.727	3702.4067	-48027.938	-80381.6	59685.383	471028.84	1409.1355168819427
42	-97669.61	8554.767	-80139.85	-112841.14	-203799.05	23142.723	-159491.03	-225453.52	180.0	180.0	209999	-60450.38	3783.551	-45847.945	-79654.03	-60450.367	3782.3245	-45944.0	-79426.16	60151.617	468053.9	1446.5515630245209
43	-97648.81	9168.218	-77216.305	-116556.08	-200564.94	27120.701	-159308.77	-237863.06	180.0	180.0	214999	-60782.38	3930.4734	-45479.523	-79665.78	-60782.254	3931.0288	-45622.434	-79649.08	60468.7	443232.88	1482.3927819728851
44	-105575.32	9794.777	-86685.36	-124223.086	-210928.67	15495.786	-190708.61	-231161.1	180.0	180.0	219999	-60769.54	3718.7498	-45813.71	-78153.945	-60769.457	3719.7764	-46197.645	-79779.42	60459.57	400463.56	1518.5732271671295
45	-102256.19	9449.54	-85646.26	-119871.53	-189619.3	22673.84	-160066.25	-234824.5	180.0	180.0	224999	-60935.812	3762.7903	-46092.145	-78835.36	-60935.785	3762.6807	-45976.46	-80454.94	60658.535	408020.1	1555.3771028518677
46	-103144.38	7857.7954	-88115.695	-117056.35	-195354.19	22524.562	-166287.19	-248011.33	180.0	180.0	229999	-61376.83	3927.3816	-46750.152	-79779.36	-61376.777	3926.9456	-47135.3	-80582.04	61113.344	420306.53	1590.7893838882446
47	-101745.48	6492.5933	-89057.53	-115142.734	-192796.17	21670.71	-164730.17	-226348.36	180.0	180.0	234999	-61637.773	4154.6733	-47705.87	-80164.055	-61637.8	4153.99	-48081.426	-80190.0	61355.53	422108.3	1627.0282499790192
48	-98039.74	5173.69	-88850.72	-107466.42	-206660.86	29707.453	-166260.55	-247681.94	180.0	180.0	239999	-61695.38	4266.4746	-49672.48	-77772.13	-61695.355	4266.2695	-49822.027	-78451.69	61407.047	419836.1	1662.8517761230469
49	-97138.42	5412.6865	-87926.45	-108059.86	-209589.27	22363.33	-160869.8	-237034.94	180.0	180.0	244999	-61737.23	4395.771	-51245.035	-77338.4	-61737.37	4395.132	-50437.895	-77277.63	61447.18	437739.12	1699.1179327964783
50	-97452.84	4205.178	-88856.555	-105875.484	-205297.39	13712.423	-180933.7	-226070.28	180.0	180.0	249999	-61799.78	4463.6646	-51532.7	-77632.664	-61799.812	4463.0522	-50809.84	-76965.375	61527.83	442270.5	1734.9359078407288
51	-96580.05	6804.676	-78875.19	-111461.5	-215152.12	29506.25	-159661.39	-245761.19	180.0	180.0	254999	-61861.71	4473.422	-52045.516	-77530.13	-61861.78	4472.82	-51912.195	-77155.86	61599.902	441635.75	1770.5337309837341
52	-93622.05	6996.3794	-77794.055	-107394.06	-209217.4	23480.97	-160971.52	-233305.25	180.0	180.0	259999	-61857.105	4404.7544	-51893.57	-77985.18	-61857.11	4403.8228	-51948.125	-76647.35	61595.36	430806.06	1806.2224068641663
53	-96589.73	7137.8315	-75798.49	-111249.14	-193023.3	23796.412	-159697.66	-227173.16	180.0	180.0	264999	-61858.426	4331.034	-52067.355	-77302.57	-61858.49	4330.218	-52045.31	-76294.195	61597.652	424717.53	1842.3332390785217
54	-94250.6	7286.0327	-74710.64	-104706.39	-180893.4	25537.91	-127516.45	-205551.6	180.0	180.0	269999	-61847.766	4252.5967	-52168.105	-76929.766	-61847.793	4251.798	-52201.1	-76783.38	61587.7	416468.53	1878.5145599842072
55	-95283.055	7027.507	-80486.74	-105850.93	-203622.88	29213.754	-159607.27	-236255.36	180.0	180.0	274999	-61840.38	4224.6704	-51091.156	-76785.48	-61840.492	4224.006	-51382.69	-76019.14	61591.14	387605.53	1913.9591829776764
56	-93828.18	6040.773	-80878.5	-107560.26	-203448.52	22806.299	-162464.25	-230190.58	180.0	180.0	279999	-61872.027	4230.3496	-50914.36	-76058.805	-61872.05	4229.8604	-51220.22	-76007.586	61631.297	383017.12	1949.847452878952
57	-94289.57	5465.6987	-77358.016	-101275.195	-188116.28	22187.53	-159378.25	-227223.84	180.0	180.0	284999	-61968.824	4220.771	-51353.797	-75626.21	-61968.92	4219.875	-51675.547	-75539.79	61730.418	373232.66	1986.3848309516907
58	-93428.375	7451.878	-77532.18	-105898.695	-191971.75	28041.81	-127996.945	-221582.66	180.0	180.0	289999	-62038.047	4216.922	-51044.332	-75624.99	-62038.11	4215.767	-51756.023	-75884.0	61799.36	374392.7	2022.7320289611816
59	-95631.64	5851.3223	-85613.734	-108888.125	-182901.47	25641.21	-134657.08	-220957.12	180.0	180.0	294999	-62109.527	4204.0327	-51231.434	-75607.46	-62109.62	4203.0376	-51086.562	-75165.11	61875.727	379930.44	2058.896908044815
60	-92182.56	7785.743	-75695.07	-105061.586	-197065.03	28141.205	-127674.625	-224709.42	180.0	180.0	299999	-62132.586	4206.098	-51397.562	-75260.125	-62132.504	4205.442	-51349.348	-75272.086	61894.754	365081.6	2094.84334897995
61	-94593.586	6748.7466	-78959.11	-106376.88	-207172.44	21172.174	-169827.16	-229571.73	180.0	180.0	304999	-62077.81	4206.062	-52152.23	-75599.32	-62077.863	4205.0244	-52168.95	-75385.46	61844.965	364861.56	2131.5053231716156
62	-92667.04	6360.8184	-75668.766	-102133.88	-172313.6	21714.295	-141005.4	-206480.81	180.0	180.0	309999	-61987.555	4292.9785	-51989.418	-75929.055	-61987.613	4291.7534	-51793.13	-75682.08	61726.055	357976.16	2167.163183927536
63	-92322.984	6742.2417	-79002.54	-105017.54	-181986.97	32439.322	-134201.31	-217309.48	180.0	180.0	314999	-61805.742	4469.3267	-51280.63	-76191.31	-61805.79	4468.716	-51110.887	-75586.18	61542.9	346923.25	2204.1031968593597
64	-87687.055	9129.629	-68915.5	-103398.19	-203015.2	34165.707	-127515.71	-236533.14	180.0	180.0	319999	-61523.035	4642.5796	-48442.457	-76199.195	-61523.055	4642.016	-48841.664	-75977.57	61257.164	345278.0	2239.766821861267
65	-94088.74	6374.976	-77736.06	-109646.52	-197216.53	37045.58	-129645.26	-228525.34	180.0	180.0	324999	-61239.33	4829.514	-46264.355	-76450.23	-61239.367	4828.915	-46717.5	-76520.07	60984.402	346512.62	2276.0635328292847
66	-92746.57	5016.478	-81519.234	-102773.97	-183800.45	22577.61	-161137.58	-218571.84	180.0	180.0	329999	-60989.84	5028.974	-45340.94	-76066.65	-60989.87	5028.3735	-45967.633	-76030.81	60734.676	354736.25	2312.1713061332703
67	-90862.55	6460.049	-74701.89	-102130.805	-199788.22	27930.934	-162003.2	-241183.0	180.0	180.0	334999	-60739.008	5225.592	-44582.04	-75989.73	-60739.047	5224.7563	-45268.2	-75968.3	60486.156	361001.03	2349.0781559944153
68	-89020.39	5858.344	-77414.13	-100401.97	-201505.03	24311.639	-169302.67	-243953.94	180.0	180.0	339999	-60534.934	5418.316	-44053.734	-76270.016	-60534.98	5417.7437	-43714.31	-75970.266	60281.797	366089.62	2384.649558067322
69	-87517.984	7471.04	-70631.414	-102199.586	-160951.75	25100.666	-127403.76	-200731.88	180.0	180.0	344999	-60205.46	5516.0176	-42969.656	-75654.7	-60205.543	5515.479	-42994.152	-75963.07	59956.84	348995.03	2420.971032857895
70	-90143.89	6516.0493	-76302.91	-102788.0	-200636.6	19527.414	-165031.56	-222252.17	180.0	180.0	349999	-59882.63	5554.885	-44049.45	-75613.09	-59882.7	5554.253	-44524.438	-75840.1	59636.402	350099.72	2456.809282064438
71	-88240.695	7475.49	-70233.38	-103362.72	-199650.62	18131.719	-159663.81	-219638.33	180.0	180.0	354999	-59643.44	5594.508	-46818.715	-76195.15	-59643.586	5593.6094	-46785.035	-75670.68	59393.504	373678.06	2492.0121009349823
72	-87773.586	7066.8394	-74015.42	-101981.63	-196511.72	23077.322	-161202.8	-229626.98	180.0	180.0	359999	-59334.08	5593.2695	-47635.605	-75260.94	-59334.21	5592.7686	-47656.3	-75547.4	59087.258	363652.88	2527.2540049552917
73	-89198.22	5773.037	-74111.086	-98395.664	-220186.72	16881.664	-191266.19	-237602.89	180.0	180.0	364999	-59084.63	5596.8643	-47631.06	-74709.38	-59084.746	5596.325	-47653.562	-75221.875	58841.062	362478.6	2561.3236718177795
74	-84701.17	5800.477	-69874.06	-96780.49	-205227.03	26769.49	-166878.52	-247614.05	180.0	180.0	369999	-58887.777	5599.728	-47526.418	-75437.86	-58887.766	5599.111	-47604.098	-75901.25	58644.24	359755.38	2597.630479812622
75	-88215.19	7332.5464	-67393.2	-104408.71	-205359.77	28531.107	-160361.72	-237479.81	180.0	180.0	374999	-58700.32	5604.096	-47474.28	-76184.414	-58700.38	5603.462	-47387.098	-76139.61	58460.35	356798.75	2632.8034360408783
76	-86556.836	6885.8	-66662.35	-104281.16	-207422.12	16544.303	-182994.94	-230584.64	180.0	180.0	379999	-58598.09	5610.821	-47294.438	-76906.91	-58598.184	5610.1533	-46956.918	-76522.47	58362.395	362915.03	2667.815468788147
77	-86891.66	4325.6343	-78379.26	-96774.59	-197907.17	24423.25	-159475.16	-237555.05	180.0	180.0	384999	-58477.57	5624.742	-47228.844	-77524.234	-58477.668	5624.0938	-46910.957	-76879.46	58246.816	362379.53	2703.3298709392548
78	-84696.01	5024.2114	-74899.12	-92877.37	-198975.1	26713.363	-162079.33	-236981.7	180.0	180.0	389999	-58381.703	5643.225	-47136.04	-76657.06	-58381.78	5642.4883	-47223.96	-76326.625	58147.117	361281.78	2740.3198988437653
79	-83771.586	6986.2905	-71542.67	-101703.33	-184919.67	25384.596	-135974.28	-221726.02	180.0	180.0	394999	-58164.02	5594.3096	-47301.965	-75798.305	-58164.08	5593.5444	-47216.133	-76006.125	57915.46	335757.1	2777.190414905548
80	-85238.664	6763.428	-74052.805	-99301.375	-186983.78	18147.914	-163037.95	-211084.94	180.0	180.0	399999	-57960.844	5508.13	-47047.95	-75262.34	-57960.91	5507.654	-47383.836	-75228.57	57720.13	329789.7	2814.036075115204
81	-86380.734	7128.642	-69522.93	-97623.71	-193459.83	25854.844	-160544.28	-242640.3	180.0	180.0	404999	-57811.37	5454.821	-47311.727	-75438.2	-57811.35	5454.3286	-47334.35	-75271.86	57571.73	314638.3	2850.4313180446625
82	-83518.54	6579.948	-70790.7	-94698.766	-168092.47	31900.592	-128030.445	-220096.86	180.0	180.0	409999	-57711.055	5409.5527	-46858.445	-76153.89	-57711.086	5409.11	-47246.53	-75391.23	57473.547	310846.0	2886.335983991623
83	-84284.26	5012.752	-71206.73	-93732.5	-201905.22	22129.703	-164823.16	-232362.98	180.0	180.0	414999	-57615.95	5372.626	-47318.242	-76010.305	-57616.086	5371.912	-47428.61	-75344.68	57371.47	310670.78	2922.8981759548187
84	-79576.945	8509.0	-62909.445	-101953.84	-189913.8	22100.434	-160884.58	-225794.08	180.0	180.0	419999	-57373.62	5449.5566	-46776.223	-75959.92	-57373.72	5448.896	-46780.613	-76202.27	57097.727	299865.1	2958.3519570827484
85	-77567.54	8500.529	-63212.273	-97178.664	-179888.97	22322.79	-146809.4	-212865.73	180.0	180.0	424999	-57026.63	5647.217	-45737.03	-75983.6	-57026.746	5646.566	-45817.04	-75948.65	56734.555	300024.53	2994.574784040451
86	-79400.6	9000.236	-61142.465	-94213.93	-184473.14	19371.104	-145935.25	-217842.06	180.0	180.0	429999	-56615.81	5874.586	-44834.242	-75427.27	-56615.875	5874.1025	-44898.95	-75760.27	56315.3	302135.5	3031.0373499393463
87	-77805.98	7670.375	-66371.0	-94845.195	-211160.4	21517.824	-168665.98	-239881.1	180.0	180.0	434999	-56169.92	6071.91	-44184.883	-75606.61	-56170.027	6071.41	-44231.258	-76027.7	55868.69	301248.2	3067.708855867386
88	-78255.375	8595.03	-60959.117	-93591.62	-173380.84	27197.266	-133819.28	-215087.4	180.0	180.0	439999	-55704.44	6231.2744	-43603.77	-74997.336	-55704.453	6231.009	-43594.906	-75770.914	55406.938	301627.56	3103.9147939682007
89	-76741.77	8002.309	-59759.29	-93094.31	-175138.53	31604.678	-131474.56	-220127.05	180.0	180.0	444999	-55288.99	6362.2603	-42982.688	-74828.48	-55289.066	6361.7188	-43095.297	-74930.5	54987.27	314073.03	3140.8602588176727
90	-77683.69	8469.2705	-58692.062	-93415.0	-193095.47	21687.514	-161739.12	-230168.98	180.0	180.0	449999	-54890.793	6467.8037	-42495.168	-74744.78	-54890.836	6467.416	-42602.09	-75425.64	54589.473	326609.78	3179.381068944931
91	-75938.734	9145.497	-60881.402	-97248.9	-221237.25	18601.17	-180565.8	-242908.61	180.0	180.0	454999	-54485.188	6530.9453	-42066.88	-75373.1	-54485.18	6530.6846	-42201.2	-75975.15	54176.66	326025.56	3215.5126070976257
92	-73279.21	7914.986	-60808.656	-90481.1	-191223.12	12260.691	-166666.1	-204809.83	180.0	180.0	459999	-54137.92	6486.4385	-41803.82	-74802.836	-54137.98	6486.161	-41846.86	-75437.23	53822.145	346187.47	3252.214472055435
93	-66573.81	9378.208	-53709.867	-92075.56	-196501.56	20323.959	-158158.97	-227976.48	180.0	180.0	464999	-53672.32	6323.45	-41497.867	-73504.53	-53672.38	6323.3286	-41590.477	-73369.125	53307.992	318277.75	3288.0206310749054
94	-66336.22	8783.148	-53217.734	-87925.72	-185484.38	16925.457	-161597.25	-222241.22	180.0	180.0	469999	-53146.75	6115.2983	-41320.547	-73309.68	-53146.805	6115.157	-41194.812	-72790.48	52781.043	313607.38	3324.882754802704
95	-65809.22	9212.57	-52569.45	-89565.41	-195087.17	23194.568	-154659.39	-220914.88	180.0	180.0	474999	-52716.957	5966.3213	-40295.258	-72784.35	-52717.01	5966.2324	-40433.31	-72367.484	52352.637	301094.3	3361.554729938507
96	-97733.25	21696.34	-65070.457	-156600.14	-145903.97	22575.271	-88228.09	-164010.61	180.0	180.0	479999	-52209.49	5991.723	-38680.383	-74169.27	-52209.566	5991.5737	-38546.773	-73621.92	51752.12	275811.94	3398.1898040771484
97	-70468.68	12889.679	-46486.94	-99537.64	-60219.49	4410.8506	-51692.066	-68357.45	180.0	180.0	484999	-51826.387	5772.6006	-38414.473	-72269.055	-51826.36	5772.054	-38211.62	-71870.34	51381.53	241093.48	3434.763881921768
98	-59577.676	11716.957	-45804.977	-83195.04	-42801.805	5170.804	-34960.863	-50826.203	180.0	180.0	489999	-51337.0	5771.621	-40038.04	-70634.086	-51337.027	5771.3125	-39804.88	-70559.43	50899.184	216909.8	3471.9267060756683
99	-57559.035	12506.413	-44757.992	-85554.29	-47188.09	6179.001	-42379.074	-62167.203	180.0	180.0	494999	-51109.312	5816.243	-40040.33	-69698.65	-51109.336	5816.1855	-39872.742	-69953.8	50678.54	215734.98	3508.3723521232605
100	-58353.254	11547.601	-45231.16	-80537.48	-37737.965	2788.924	-34253.863	-42495.02	180.0	180.0	499999	-50962.727	5855.722	-39557.24	-69625.9	-50962.76	5855.601	-39508.02	-69579.74	50544.53	217433.39	3545.628067970276
101	-56491.125	8981.247	-45344.46	-75695.945	-34824.453	3070.4805	-31393.94	-40323.445	180.0	180.0	504999	-50850.86	5868.888	-39823.465	-69322.32	-50850.887	5868.8433	-40007.324	-69203.586	50429.656	216983.89	3583.2039670944214
102	-60001.832	11107.295	-42070.28	-84583.93	-35940.32	5749.825	-31760.379	-52051.31	180.0	180.0	509999	-50730.21	5871.765	-39825.434	-69144.65	-50730.234	5871.673	-39848.34	-69073.33	50310.613	219662.23	3619.8387989997864
103	-56277.94	10880.205	-45872.594	-86041.82	-44589.426	5639.965	-38004.535	-54592.51	180.0	180.0	514999	-50620.27	5875.66	-39874.297	-68881.05	-50620.312	5875.4805	-40023.535	-68672.64	50209.656	215048.31	3656.7888989448547
104	-60022.402	10858.467	-45598.785	-81205.08	-38762.543	3165.234	-32505.41	-42015.31	180.0	180.0	519999	-50541.016	5871.4756	-39758.36	-68975.414	-50541.055	5871.2666	-39954.48	-68927.92	50128.25	213287.89	3693.8503079414368
105	-54472.316	8047.299	-45522.79	-75181.05	-46723.555	9420.756	-33869.125	-57742.332	180.0	180.0	524999	-50466.13	5863.0146	-39542.08	-69701.98	-50466.168	5862.8296	-39582.0	-69408.55	50045.906	211936.31	3730.172886133194
106	-56554.445	11184.947	-44268.316	-79802.17	-55615.227	3820.8174	-50812.965	-62828.746	180.0	180.0	529999	-50407.414	5851.197	-39190.766	-70182.875	-50407.426	5850.989	-39343.56	-69964.8	49993.793	206343.42	3766.6713309288025
107	-55898.668	9508.866	-45758.84	-77150.45	-50952.68	6687.1934	-43448.027	-63673.14	180.0	180.0	534999	-50386.418	5830.7285	-39181.97	-71062.89	-50386.426	5830.4893	-39287.332	-70883.15	49973.004	202947.58	3802.4855461120605
108	-54780.617	8668.059	-45860.52	-80118.41	-44946.902	4799.172	-36785.39	-51073.188	180.0	180.0	539999	-50377.637	5803.347	-39289.87	-71545.58	-50377.668	5803.1353	-39375.008	-71424.516	49966.58	205196.08	3836.385351896286
109	-54841.504	10548.866	-43281.94	-79968.016	-54248.418	7799.464	-47594.07	-72417.52	180.0	180.0	544999	-50375.785	5783.6987	-39548.395	-70937.65	-50375.82	5783.486	-39439.69	-71104.48	49963.266	206234.61	3870.4718091487885
110	-54537.168	8734.538	-41430.13	-73915.984	-41005.93	4534.082	-36401.836	-51119.8	180.0	180.0	549999	-50370.586	5761.185	-39430.188	-71087.086	-50370.605	5761.018	-39460.344	-70790.46	49959.082	199685.48	3904.5243129730225
111	-56988.348	11597.289	-41263.53	-85149.34	-39942.625	3099.9436	-37091.68	-47017.86	180.0	180.0	554999	-50409.777	5724.1123	-39498.777	-71538.375	-50409.805	5723.868	-39637.324	-71039.45	50008.98	197504.95	3938.6465249061584
112	-52458.793	7510.447	-41210.555	-80376.34	-40354.047	4401.1064	-35972.047	-48518.33	180.0	180.0	559999	-50448.336	5689.6196	-39787.742	-71492.65	-50448.3	5689.436	-40041.062	-71156.21	50044.984	195933.4	3975.4052259922028
113	-53430.15	8043.8335	-44628.133	-77104.14	-37759.957	3917.5098	-33621.31	-46158.715	180.0	180.0	564999	-50466.59	5653.66	-40240.086	-71514.914	-50466.63	5653.565	-40124.71	-70959.78	50067.223	198882.31	4009.5232949256897
114	-58353.504	12220.629	-43448.64	-83058.03	-38170.6	5475.177	-33748.125	-52025.152	180.0	180.0	569999	-50483.46	5631.066	-40210.21	-71352.06	-50483.51	5630.8887	-40020.63	-70865.24	50081.523	196649.83	4043.3214259147644
115	-61835.824	15902.492	-42361.707	-105031.86	-200025.52	15770.891	-172525.81	-221518.08	180.0	180.0	574999	-50528.83	5588.4126	-40761.203	-70463.69	-50528.773	5588.284	-40783.9	-70092.8	50099.67	210808.48	4077.101702928543
116	-66893.61	17405.72	-43771.137	-110378.914	-48888.234	58601.01	-3478.8342	-168756.39	180.0	180.0	579999	-50327.242	5580.8257	-40212.215	-69454.92	-50327.277	5580.8257	-39777.555	-69308.945	49822.453	185331.66	4110.638585805893
117	-62064.434	16918.219	-41552.836	-104295.27	-67719.95	66068.125	-6287.002	-153573.16	180.0	180.0	584999	-49951.59	5698.4517	-38936.883	-69084.016	-49951.594	5698.404	-39104.066	-68910.76	49451.043	185028.73	4143.905851840973
118	-53815.555	18232.873	-32220.053	-93918.23	-26335.168	20042.447	-3733.0242	-54279.49	180.0	180.0	589999	-49801.29	5788.0273	-39080.19	-68484.445	-49801.19	5787.9487	-38949.07	-68577.914	49295.438	190298.36	4177.1991930007935
119	-56413.473	17168.857	-32551.424	-81668.734	-43555.957	38242.668	-4009.0464	-145111.42	180.0	180.0	594999	-49595.41	5958.913	-39263.34	-68335.555	-49595.418	5959.17	-38880.41	-68628.73	49086.066	190149.61	4210.5056920051575
120	-53761.277	15059.611	-35826.555	-78466.48	-28362.906	23411.525	-273.6783	-53524.23	180.0	180.0	599999	-49517.84	6127.1816	-38885.477	-68629.27	-49517.97	6127.61	-38995.977	-68895.53	49003.78	190346.38	4243.711560964584
121	-53908.9	12530.528	-34349.55	-77795.52	-17945.947	7010.743	-3496.367	-32129.832	180.0	180.0	604999	-49359.336	6324.505	-37951.734	-68625.58	-49359.285	6324.838	-37692.4	-69443.91	48832.016	189831.61	4276.845147848129
122	-50846.145	12848.133	-32709.957	-71759.29	-19943.553	7747.4385	-4470.138	-28105.594	180.0	180.0	609999	-49022.387	6456.6553	-37164.05	-69045.31	-49022.367	6456.6987	-37206.12	-69084.48	48509.016	199746.56	4309.8083238601685
123	-51673.473	10803.15	-34967.91	-72549.82	-17214.71	11427.45	-118.35994	-29708.418	180.0	180.0	614999	-49097.062	6482.556	-37449.387	-68671.37	-49097.03	6482.681	-37331.062	-69013.81	48597.273	197186.94	4342.854460954666
124	-47431.1	12360.276	-35306.742	-79084.64	-8506.445	8663.574	99.21617	-22837.168	180.0	180.0	619999	-49219.527	6466.188	-38326.61	-68614.02	-49219.598	6466.261	-38137.465	-68882.38	48710.684	193807.1	4376.086605787277
125	-55771.082	14112.773	-35329.215	-73839.125	-10878.876	7489.303	-2652.899	-20512.408	180.0	180.0	624999	-49273.715	6431.6777	-38786.902	-68047.586	-49273.77	6432.022	-38524.23	-68329.664	48753.277	190307.2	4409.338474988937
126	-53215.188	12128.6455	-35599.887	-75476.22	-15931.528	7639.1753	-3873.2566	-28116.77	180.0	180.0	629999	-49252.344	6462.9414	-38390.152	-68049.74	-49252.38	6463.206	-38233.63	-67980.05	48722.066	189619.7	4442.3494601249695
127	-52515.625	13517.872	-33284.348	-75760.21	-14530.248	5003.782	-8753.541	-26546.906	180.0	180.0	634999	-49157.207	6616.993	-37161.758	-67860.78	-49157.258	6617.181	-37160.47	-68302.34	48618.754	197392.53	4475.571066856384
128	-50310.3	13322.217	-32808.188	-77048.71	-12707.655	8815.462	893.2465	-26621.143	180.0	180.0	639999	-49158.57	6751.3423	-36890.984	-68414.445	-49158.598	6751.5015	-36956.926	-68421.53	48636.527	204368.61	4508.662049770355
129	-55995.37	10941.924	-36710.336	-74039.28	-13051.833	9097.612	-26.413713	-30132.293	180.0	180.0	644999	-49235.793	6718.914	-37202.555	-68490.07	-49235.785	6719.158	-37013.082	-68307.87	48729.02	208724.94	4542.102150917053
130	-49303.438	10898.79	-34214.797	-75437.09	-7503.6826	7401.2573	579.9477	-28268.63	180.0	180.0	649999	-49227.188	6754.993	-36946.27	-68985.54	-49227.21	6755.2236	-36605.582	-68657.766	48733.043	205215.25	4575.32149887085
131	-48196.73	12696.688	-34426.562	-78562.3	-12191.697	8484.682	194.79593	-26737.723	180.0	180.0	654999	-49287.83	6825.791	-36810.91	-68929.65	-49287.848	6825.999	-36585.473	-69280.36	48790.4	210886.27	4608.747943878174
132	-49356.37	12537.912	-33599.78	-74042.82	-8714.408	8019.277	737.7948	-23534.904	180.0	180.0	659999	-49528.348	6781.8423	-37219.633	-69988.984	-49528.332	6782.0674	-36885.42	-69821.57	49029.414	214533.75	4641.973452091217
133	-45764.27	13234.414	-31541.627	-76533.33	-9275.445	8502.669	115.07173	-24856.285	180.0	180.0	664999	-49730.145	6780.3477	-38145.344	-70650.625	-49730.26	6780.5938	-37897.61	-71019.86	49224.875	205292.48	4675.277763843536
134	-48602.82	18456.326	-22122.37	-83450.32	-5686.9346	7185.355	-274.77768	-24477.908	180.0	180.0	669999	-49744.312	6913.009	-37461.34	-71386.25	-49744.42	6913.16	-37146.668	-71885.65	49224.39	202219.17	4708.56777882576
135	-54711.99	16938.45	-27203.387	-79672.14	-11243.194	8474.072	782.303	-24182.695	180.0	180.0	674999	-49737.44	7088.0845	-36800.387	-71396.58	-49737.566	7088.2017	-36692.61	-71731.89	49219.613	210200.3	4746.197416067123
136	-49730.8	17819.648	-25649.889	-76341.54	-11711.505	7342.104	-784.64746	-25052.16	180.0	180.0	679999	-49770.203	7222.4893	-36559.453	-71465.57	-49770.348	7222.5107	-36279.65	-71261.82	49243.95	207740.95	8791.04031586647
137	-50721.383	15516.151	-25875.215	-81662.48	-12879.907	7783.235	-2102.7104	-22987.686	180.0	180.0	684999	-49752.582	7365.499	-36456.84	-71498.305	-49752.664	7365.444	-36096.46	-71356.01	49224.773	207557.8	8823.31461596489
138	-47210.363	16999.043	-24915.998	-78160.414	-13895.68	10621.644	-1466.9955	-28905.105	180.0	180.0	689999	-49706.37	7532.0737	-36121.42	-70908.77	-49706.434	7532.0933	-35956.438	-70730.64	49185.793	211369.42	8854.368885993958
139	-51776.965	18471.172	-30641.87	-83783.93	-7603.3936	6069.9683	-1336.202	-20622.656	180.0	180.0	694999	-49686.184	7704.7227	-35880.59	-71415.24	-49686.223	7704.7534	-35873.31	-70850.2	49153.883	218016.08	8885.787378072739
140	-51746.195	18493.459	-24502.713	-83213.5	-12228.899	10507.836	-1053.285	-31280.736	180.0	180.0	699999	-49704.594	7883.7393	-35602.55	-70336.305	-49704.58	7883.7827	-35537.32	-70635.68	49173.742	216009.78	8917.429454803467
141	-49403.23	17722.402	-27774.889	-82090.41	-12813.378	10193.856	-19.10792	-28568.959	180.0	180.0	704999	-49780.516	7980.844	-35355.992	-70176.12	-49780.47	7980.876	-35617.285	-70315.16	49241.496	217659.39	9281.486664056778
142	-45693.258	14025.717	-24629.336	-75351.54	-13965.141	9560.625	-583.32043	-28812.463	180.0	180.0	709999	-49797.094	8081.423	-35974.23	-70619.55	-49797.098	8081.3853	-35828.39	-70304.87	49251.125	220282.16	9549.660022974014
143	-49059.55	15730.572	-26517.89	-83029.91	-9066.1	6367.4263	-1607.2628	-24061.309	180.0	180.0	714999	-49759.184	8236.39	-34952.855	-70362.875	-49759.16	8236.399	-35028.727	-70293.34	49219.797	217147.64	9580.952059030533
144	-50557.72	13769.16	-29795.396	-77797.875	-5353.1523	6932.4175	1457.059	-16372.021	180.0	180.0	719999	-49823.95	8325.343	-34435.76	-70329.52	-49824.01	8325.366	-34532.71	-70391.01	49308.27	221513.27	9611.695316076279
145	-49685.043	12405.621	-31209.166	-76494.23	-7833.55	6111.723	-408.95728	-18216.607	180.0	180.0	724999	-49983.348	8322.879	-34537.594	-69931.89	-49983.375	8322.917	-34588.09	-70370.91	49481.312	224625.1	9642.936250925064
146	-47061.684	14941.676	-26330.836	-76368.59	-6023.208	6960.1357	998.16974	-22716.79	180.0	180.0	729999	-50128.465	8362.857	-34952.46	-71081.0	-50128.445	8362.781	-34982.805	-70823.734	49609.676	222225.4	9674.687470912933
147	-49201.176	14762.684	-31065.691	-78982.08	-7965.245	5957.4907	4.1123013	-20842.11	180.0	180.0	734999	-50183.793	8444.79	-34957.547	-70228.03	-50183.82	8444.645	-34958.566	-70246.89	49667.258	228969.73	9706.971378087997
148	-56157.508	13395.069	-34915.14	-81862.6	-10545.955	7152.9844	-2159.8472	-21621.066	180.0	180.0	739999	-50261.73	8531.337	-34495.855	-70644.37	-50261.746	8531.2295	-34530.773	-70660.5	49746.6	232526.34	10192.16328406334
149	-46385.98	13998.367	-27901.928	-76211.81	-12178.076	8550.598	-2825.9827	-27362.186	180.0	180.0	744999	-50342.734	8581.27	-34316.715	-71177.86	-50342.69	8581.203	-34441.18	-70952.5	49828.87	228271.83	10231.579459905624
150	-46658.2	12529.12	-28006.621	-79622.62	-8841.8125	7028.583	-42.8555	-26369.83	180.0	180.0	749999	-50377.3	8615.342	-34312.285	-71969.1	-50377.32	8615.245	-34352.18	-71862.75	49871.848	229273.95	10271.212656021118
151	-47607.137	15421.975	-26916.842	-74985.18	-9862.463	7551.9126	881.3757	-26343.408	180.0	180.0	754999	-50407.785	8635.671	-34165.355	-72564.71	-50407.875	8635.582	-34256.844	-72313.04	49911.938	223857.16	10307.475535869598
152	-48379.18	13857.04	-26251.477	-73785.4	-7863.749	8983.796	1245.4237	-27709.436	180.0	180.0	759999	-50451.887	8661.268	-34011.867	-72705.48	-50451.89	8661.131	-34429.21	-72334.5	49965.473	225404.78	10343.318521976471
153	-49239.605	13760.225	-27152.967	-76517.125	-4464.3896	6094.5293	1337.8467	-20502.426	180.0	180.0	764999	-50496.992	8667.18	-34133.453	-72523.44	-50497.043	8667.027	-34479.547	-72446.88	50000.668	230509.92	10380.169652938843
154	-44858.81	14764.42	-24885.074	-76732.72	-8502.02	7155.775	765.0411	-21455.027	180.0	180.0	769999	-50529.316	8676.664	-34127.676	-73008.19	-50529.348	8676.579	-34310.152	-72063.23	50029.94	221765.94	10416.666260004044
155	-46090.742	12865.6875	-26992.607	-76420.74	-5381.1763	3950.4592	108.34346	-14464.073	180.0	180.0	774999	-50528.53	8716.73	-33604.996	-72557.93	-50528.53	8716.55	-33922.305	-71905.73	50037.805	220192.67	10456.30002784729
156	-46552.027	15840.535	-25279.504	-78894.84	-7952.907	6952.241	-427.8318	-18629.129	180.0	180.0	779999	-50512.957	8768.182	-33585.83	-72365.33	-50513.035	8768.0205	-33754.344	-72048.516	50023.867	225638.45	10492.96303486824
157	-49634.105	16087.113	-27306.365	-79456.65	-10037.308	8526.205	-251.67343	-28748.088	180.0	180.0	784999	-50540.69	8799.3955	-33645.9	-72432.23	-50540.76	8799.223	-33740.16	-72062.52	50049.605	225169.84	10530.373379945755
158	-43235.316	14334.71	-27054.943	-79819.234	-12051.737	8290.803	-261.78806	-25917.217	180.0	180.0	789999	-50589.93	8808.513	-33825.715	-71895.71	-50589.92	8808.373	-33748.547	-71845.28	50108.39	225126.19	10566.3847489357
159	-50853.55	16108.93	-27572.348	-80970.67	-11340.899	9173.3545	-534.94006	-26916.67	180.0	180.0	794999	-50665.48	8800.701	-33976.93	-71795.4	-50665.516	8800.565	-33966.324	-71632.14	50180.22	230921.88	10604.370083808899
160	-48841.824	16039.498	-25616.037	-76390.5	-9802.523	8128.6587	1160.425	-26871.709	180.0	180.0	799999	-50730.047	8787.97	-34529.746	-71864.71	-50730.082	8787.85	-34470.617	-71852.625	50240.953	224854.48	10648.101477861404
161	-53698.95	18333.928	-25950.988	-80741.945	-12213.473	6634.2197	-3060.5671	-24886.773	180.0	180.0	804999	-50792.383	8801.58	-34758.13	-72073.22	-50792.4	8801.495	-34954.465	-71952.36	50296.254	224318.2	10686.55031299591
162	-47555.438	15174.793	-26903.025	-77251.33	-10289.256	7374.432	-733.33374	-23466.504	180.0	180.0	809999	-50797.17	8824.401	-35214.805	-71680.055	-50797.207	8824.269	-35245.043	-71511.445	50297.945	226233.7	10736.00600194931
163	-46823.633	14013.565	-23801.15	-72492.805	-7504.8257	7011.603	-1388.8514	-27264.379	180.0	180.0	814999	-50794.02	8863.321	-34404.223	-71528.62	-50794.047	8863.157	-34809.996	-71446.9	50295.47	231012.36	10782.715001821518
164	-43846.13	14731.415	-24128.979	-72616.68	-8273.692	7978.941	404.54498	-24406.225	180.0	180.0	819999	-50747.812	8925.559	-34544.676	-71852.73	-50747.816	8925.407	-34559.2	-71465.945	50256.77	238363.62	10823.289937973022
165	-47129.633	11670.858	-29627.938	-82494.28	-7693.5977	7016.343	644.21356	-26170.736	180.0	180.0	824999	-50720.336	8950.403	-34276.82	-71930.11	-50720.402	8950.331	-34262.78	-71793.52	50236.043	235278.62	10865.512012004852
166	-46971.8	14285.967	-29245.865	-76109.44	-6327.996	6761.5713	-843.1471	-22317.148	180.0	180.0	829999	-50737.984	8940.688	-34080.715	-71748.38	-50737.99	8940.577	-34051.848	-71710.77	50258.492	234189.42	10906.607819080353
167	-48573.523	12714.481	-24697.201	-79474.27	-9144.275	7499.579	-3049.0498	-25354.64	180.0	180.0	834999	-50798.938	8905.555	-33984.11	-72273.99	-50798.94	8905.453	-33932.25	-72167.33	50318.645	233790.44	10945.15000295639
168	-49796.375	15007.159	-27415.086	-76341.87	-8745.19	7607.2466	-795.3352	-24713.004	180.0	180.0	839999	-50854.703	8877.699	-34534.465	-72470.85	-50854.73	8877.598	-34462.473	-71993.914	50370.957	234002.58	10986.374988079071
169	-44693.117	14216.841	-24863.865	-68439.81	-11292.371	8814.93	-365.0225	-28486.32	180.0	180.0	844999	-50916.19	8832.405	-34574.21	-72989.055	-50916.246	8832.303	-34677.71	-72191.12	50440.965	231177.52	11024.09834098816
170	-46359.75	15160.002	-25966.47	-75351.1	-8139.2734	7879.2183	-2000.6858	-24510.041	180.0	180.0	849999	-50986.6	8779.973	-34780.367	-72586.805	-50986.594	8779.865	-34854.73	-72260.78	50502.367	230321.28	11058.175018072128
171	-49255.24	14645.943	-28955.078	-79124.836	-11273.939	11349.146	658.4836	-30890.91	180.0	180.0	854999	-51043.332	8738.041	-34955.59	-72842.49	-51043.387	8737.931	-35147.66	-72273.2	50561.203	234949.38	11097.626971960068
172	-49451.105	14451.835	-29812.48	-80623.76	-3582.1733	2192.3665	-222.52228	-7095.7593	180.0	180.0	859999	-51123.324	8688.471	-35181.117	-73132.58	-51123.305	8688.341	-35278.92	-72480.44	50646.055	232026.39	11138.334967851639
173	-44911.785	13604.29	-28127.299	-73633.086	-6586.952	8613.796	325.66714	-26132.785	180.0	180.0	864999	-51226.816	8614.734	-35541.688	-72453.44	-51226.867	8614.648	-35701.2	-72229.35	50754.27	231579.75	11182.227952003479
174	-43894.402	14132.743	-28141.428	-80382.39	-10429.01	10411.831	-1498.5818	-26914.26	180.0	180.0	869999	-51316.348	8502.779	-36247.65	-72485.43	-51316.363	8502.664	-36360.996	-72032.4	50849.37	231827.5	11220.978951931
175	-44566.55	13380.963	-30219.266	-77377.36	-7191.866	7676.1904	-126.652275	-26956.549	180.0	180.0	874999	-51446.25	8386.857	-36766.113	-72756.09	-51446.28	8386.721	-36881.656	-72196.32	50974.523	231479.9	11257.850526094437
176	-44996.926	12017.382	-29114.113	-75264.01	-10685.414	8627.817	-2151.5547	-25358.95	180.0	180.0	879999	-51513.77	8295.278	-37009.562	-72848.18	-51513.83	8295.185	-37125.35	-72736.93	51038.664	225817.19	11297.904211997986
177	-46685.38	14433.827	-28339.793	-77176.57	-4251.707	2718.2317	-982.0741	-11154.728	180.0	180.0	884999	-51584.96	8222.094	-37146.004	-73604.96	-51585.066	8221.954	-37287.83	-72918.04	51121.355	227475.61	11335.823106050491
178	-44107.863	10364.054	-30689.084	-71544.086	-5403.993	4769.228	-46.52683	-17939.822	180.0	180.0	889999	-51633.703	8150.7944	-37457.87	-73373.125	-51633.715	8150.6816	-37525.723	-73034.87	51167.227	228044.5	11373.51904797554
179	-46283.832	11926.735	-30987.783	-71991.06	-6905.6953	5697.245	145.54991	-18902.344	180.0	180.0	894999	-51692.24	8101.7246	-37495.492	-74025.81	-51692.266	8101.6245	-37649.836	-73058.98	51229.715	222721.6	11413.403219938278
180	-41904.105	13454.859	-27584.682	-74868.45	-6303.388	7427.079	-588.7375	-23172.98	180.0	180.0	899999	-51743.934	8057.293	-37678.566	-73322.23	-51743.93	8057.182	-37808.773	-72857.33	51272.875	231320.19	11456.780091047287
181	-46238.902	13926.928	-27952.9	-77088.03	-11090.579	8117.3486	-1046.2866	-22710.86	180.0	180.0	904999	-51761.28	8021.0576	-37773.688	-73116.82	-51761.336	8020.9355	-37958.86	-72304.46	51293.95	223131.19	11497.163965940475
182	-44248.004	13632.646	-25462.104	-70470.24	-4611.832	3222.8525	1126.1091	-9401.372	180.0	180.0	909999	-51773.324	7993.646	-38011.27	-72763.36	-51773.37	7993.5684	-38065.01	-72350.42	51308.24	227123.86	11535.270594120026
183	-46424.844	13081.915	-26951.285	-77899.67	-3943.7078	5948.8237	1075.1265	-15717.609	180.0	180.0	914999	-51790.016	7997.5537	-38020.47	-72679.35	-51790.008	7997.4907	-38063.566	-72177.44	51332.67	222941.48	11576.090152978897
184	-44409.29	13621.368	-23927.18	-70282.7	-3942.8054	2686.8896	396.78598	-8329.065	180.0	180.0	919999	-51794.215	8033.0454	-37845.016	-72308.26	-51794.28	8032.924	-37802.99	-71549.64	51337.363	226933.05	11612.582946777344
185	-44596.17	11729.131	-26269.346	-67796.52	-2828.8167	3829.16	1222.955	-10952.823	180.0	180.0	924999	-51789.254	8091.6816	-37805.914	-71697.59	-51789.273	8091.6025	-37857.043	-71214.49	51338.7	218015.83	11649.018946886063
186	-45292.867	14027.839	-28232.127	-74768.97	-5142.5107	6429.4805	953.03864	-22534.6	180.0	180.0	929999	-51821.582	8115.41	-37636.977	-71097.05	-51821.598	8115.281	-37830.098	-71496.79	51365.645	218395.3	11686.002803087234
187	-46013.508	13431.41	-25356.139	-79018.73	-10251.031	9354.825	994.40393	-23837.072	180.0	180.0	934999	-51858.074	8147.3667	-37713.566	-71783.79	-51858.06	8147.2695	-37515.88	-71364.99	51403.242	221015.75	11723.106487035751
188	-47128.258	10700.213	-28430.164	-80587.43	-7372.4556	6807.7363	2005.3696	-19481.387	180.0	180.0	939999	-51909.79	8157.915	-37770.805	-71652.28	-51909.805	8157.7695	-37859.734	-71432.54	51464.08	220662.98	11762.090007066727
189	-52435.41	14930.751	-32415.396	-77838.64	-4609.8706	5776.7046	231.9453	-21099.3	180.0	180.0	944999	-51987.305	8161.595	-37852.85	-72521.54	-51987.367	8161.486	-37891.316	-71622.39	51536.707	218939.23	11800.414577007294
190	-49940.56	13697.361	-30041.299	-78035.43	-3042.4023	2437.3042	311.83817	-8523.289	180.0	180.0	949999	-52086.32	8148.259	-38084.367	-72363.78	-52086.297	8148.141	-38134.918	-71489.79	51632.516	217649.36	11840.902252197266
191	-50970.027	12328.672	-27511.252	-73589.19	-10641.529	7070.3013	-2844.2058	-23673.447	180.0	180.0	954999	-52220.047	8118.82	-38223.188	-71606.45	-52220.066	8118.674	-38287.32	-71840.97	51771.066	222805.3	11882.970660924911
192	-51929.395	11860.643	-33108.246	-78151.11	-5757.5396	7453.6387	1361.6818	-20372.854	180.0	180.0	959999	-52325.32	8109.7183	-38292.234	-71632.73	-52325.305	8109.565	-38327.242	-71584.73	51877.45	224200.53	11924.4576690197
193	-51837.13	12725.083	-29629.5	-73834.45	-6808.1655	5713.059	1211.5544	-19909.404	180.0	180.0	964999	-52429.01	8116.4976	-38177.973	-71280.94	-52429.086	8116.34	-38328.324	-71739.27	51972.004	222624.4	11960.50150680542
194	-49301.566	11144.972	-29868.492	-71730.04	-8410.198	7982.3613	-239.3268	-23534.389	180.0	180.0	969999	-52520.723	8111.6323	-37843.645	-71607.875	-52520.8	8111.4316	-38149.965	-71702.05	52070.125	215901.64	11996.837783813477
195	-48084.844	11813.081	-28054.387	-73504.97	-7798.282	6372.8125	120.50915	-19454.467	180.0	180.0	974999	-52612.586	8109.294	-38087.484	-71611.46	-52612.652	8109.1196	-38213.566	-71994.27	52160.453	219356.16	12034.083997011185
196	-48593.723	15828.506	-26240.447	-75805.47	-3357.5657	2384.637	-995.56665	-9408.811	180.0	180.0	979999	-52693.31	8106.6973	-38044.863	-71611.87	-52693.297	8106.522	-38192.664	-71799.41	52243.066	218992.95	12069.906676054
197	-44223.523	12069.2705	-25711.877	-71406.87	-4392.35	4800.89	1502.5022	-12821.109	180.0	180.0	984999	-52725.883	8148.1997	-37869.895	-72211.14	-52725.906	8148.027	-37865.258	-72256.06	52271.52	222803.0	12106.7291431427
198	-52946.586	13736.675	-24152.2	-76901.27	-4426.433	3731.3884	1034.0643	-11860.56	180.0	180.0	989999	-52696.055	8253.84	-37396.973	-72440.85	-52696.074	8253.73	-37381.406	-71830.99	52242.98	222975.03	12143.005728960037
199	-48229.895	16031.197	-27452.193	-75367.97	-9313.88	9358.104	872.03735	-22203.838	180.0	180.0	994999	-52698.02	8349.909	-37073.793	-71869.71	-52698.043	8349.75	-37037.69	-71913.57	52241.926	216620.28	12179.247542142868
200	-50405.28	15086.333	-29823.842	-78391.13	-2636.175	3167.5781	1301.5537	-8654.446	180.0	180.0	999999	-52688.94	8424.814	-36848.453	-71355.32	-52688.973	8424.655	-36872.645	-71591.76	52227.67	221115.08	12216.496311187744
